# Camera parameter file. 

# The format of each camera is as follows:
# Filename (of the undistorted image in visualize folder)
# Original filename
# Focal Length (of the undistorted image)
# 2-vec Principal Point (image center)
# 3-vec Translation T (as in P = K[R T])
# 3-vec Camera Position C (as in P = K[R -RC])
# 3-vec Axis Angle format of R
# 4-vec Quaternion format of R
# 3x3 Matrix format of R
# [Normalized radial distortion] = [radial distortion] * [focal length]^2
# 3-vec Lat/Lng/Alt from EXIF

# The nubmer of cameras in this reconstruction
259

00000000.jpg
E:\zhaochen\VisualSFM_windows_64bit\library\science building\1270.jpg
1538.12646484
960 540
-0.191205322742 1.06974339485 -2.19422125816
0.515709877014 -0.010944545269 2.39363121986
0.451600009496 -0.136735536938 -0.00887885107619
0.972290069714 0.223710492128 -0.0677351054398 -0.00439834389288
0.990788221359 -0.0217531565577 -0.133684262633
-0.0388590209186 0.899869859219 -0.434426873922
0.129748418927 0.435619086027 0.890733838081
-0.00569746021864
0 0 0

00000001.jpg
E:\zhaochen\VisualSFM_windows_64bit\library\science building\1410.jpg
1537.2175293
960 540
-0.988504230976 1.20514655113 -2.51925468445
1.11080312729 -0.0185632705688 2.74626779556
0.452710277913 -0.0513882952676 0.0247228236849
0.97408905359 0.22439671556 -0.0254718420121 0.0122544609763
0.998405754566 -0.0353054106236 -0.0441240407526
0.0124423345551 0.898994684219 -0.437789052725
0.0551233291626 0.436540484428 0.897997498512
-0.00601479255883
0 0 0

00000002.jpg
E:\zhaochen\VisualSFM_windows_64bit\library\science building\1290.jpg
1537.86975098
960 540
-0.319928377867 1.09060490131 -2.2367348671
0.646583080292 -0.011154294014 2.42416667938
0.452757368775 -0.135518053582 -0.00858846433286
0.972201988127 0.22427714533 -0.0671300000713 -0.00425436756238
0.990953028202 -0.0218392219394 -0.132436200976
-0.0383836403489 0.899365305901 -0.435514211655
0.128619477153 0.436656534672 0.89038848877
-0.00552659574404
0 0 0

00000003.jpg
E:\zhaochen\VisualSFM_windows_64bit\library\science building\1310.jpg
1536.81396484
960 540
-0.442693144083 1.1173940897 -2.29184651375
0.774821162224 -0.0146647691727 2.46912622452
0.453065064152 -0.135510213695 -0.00588998585081
0.972172429119 0.22442732442 -0.067125446426 -0.00291762457528
0.9909709692 -0.0244566313922 -0.131824284792
-0.0358023680747 0.899249374866 -0.435972124338
0.129205748439 0.436756104231 0.890256583691
-0.00579301494436
0 0 0

00000004.jpg
E:\zhaochen\VisualSFM_windows_64bit\library\science building\1300.jpg
1537.6151123
960 540
-0.382387787104 1.1030216217 -2.26232671738
0.711678028107 -0.0113344788551 2.44426321983
0.453349273173 -0.13541020617 -0.00800699308297
0.972140861221 0.22456571417 -0.06707519225 -0.00396624904115
0.990973114967 -0.022414047271 -0.132194429636
-0.0378370583057 0.899113237858 -0.436087310314
0.128631711006 0.437150716782 0.8901450634
-0.00566565487478
0 0 0

00000005.jpg
E:\zhaochen\VisualSFM_windows_64bit\library\science building\1320.jpg
1537.10900879
960 540
-0.496721237898 1.12282681465 -2.3194527626
0.831522881985 -0.0144212245941 2.48912215233
0.451497175966 -0.135855930455 -0.0034093447412
0.9723391648 0.223663259321 -0.0673004878461 -0.0016889256402
0.990936458111 -0.0268208011985 -0.131633117795
-0.0333896353841 0.89994353056 -0.43472507596
0.130122482777 0.435181111097 0.890893816948
-0.00550014855331
0 0 0

00000006.jpg
E:\zhaochen\VisualSFM_windows_64bit\library\science building\1330.jpg
1536.8527832
960 540
-0.543760478497 1.13399016857 -2.34380578995
0.880574941635 -0.0153555870056 2.50986623764
0.452017358853 -0.135927579278 -0.00115155704978
0.972280682592 0.223916525939 -0.0673346515022 -0.000570448565652
0.990935325623 -0.029045406729 -0.131191924214
-0.0312639512122 0.899725735188 -0.435342729092
0.130680799484 0.435496121645 0.890657842159
-0.00591526863552
0 0 0

00000007.jpg
E:\zhaochen\VisualSFM_windows_64bit\library\science building\1340.jpg
1537.27355957
960 540
-0.585193395615 1.14214801788 -2.36908125877
0.924151420593 -0.0139892101288 2.53086590767
0.452074384231 -0.135908254575 0.000576683184291
0.972274912341 0.223944338301 -0.0673249474025 0.000285671868657
0.990937769413 -0.0307095963508 -0.130788862705
-0.0295985899866 0.899701476097 -0.435509681702
0.131044566631 0.435432165861 0.890634775162
-0.00550442689851
0 0 0

00000008.jpg
E:\zhaochen\VisualSFM_windows_64bit\library\science building\1350.jpg
1539.78466797
960 540
-0.630830526352 1.14860618114 -2.38575863838
0.949723124504 -0.0143142938614 2.55087184906
0.452472248981 -0.127855681905 0.00446039315498
0.972490618288 0.224157756105 -0.0633405536484 0.00220970838149
0.991966962814 -0.0326943546534 -0.122205369174
-0.0240986719728 0.899499773979 -0.436262577772
0.124187007546 0.435702681541 0.891485273838
-0.00335276611981
0 0 0

00000009.jpg
E:\zhaochen\VisualSFM_windows_64bit\library\science building\1360.jpg
1537.08337402
960 540
-0.734805762768 1.15488648415 -2.40283083916
0.992655873299 -0.0145529508591 2.58103609085
0.452778757173 -0.103927883243 0.00990117352286
0.973133467991 0.22435829133 -0.051497739098 0.00490617180811
0.994650840759 -0.0326566211879 -0.098026946187
-0.0135591812432 0.899279654026 -0.437166243792
0.102429747581 0.436156004667 0.89402449131
-0.00567810735607
0 0 0

00000010.jpg
E:\zhaochen\VisualSFM_windows_64bit\library\science building\1370.jpg
1537.14453125
960 540
-0.76296877861 1.16647613049 -2.428855896
1.02172839642 -0.0152069330215 2.6072974205
0.45269369308 -0.103382346748 0.0105527210377
0.973155402981 0.224317801822 -0.0512277973477 0.00522906155441
0.994698226452 -0.0331599600613 -0.0973592028022
-0.0128052020445 0.899311006069 -0.437128007412
0.102051228285 0.436056315899 0.894116520882
-0.00640107720754
0 0 0

00000011.jpg
E:\zhaochen\VisualSFM_windows_64bit\library\science building\1380.jpg
1539.80895996
960 540
-0.796479463577 1.17515182495 -2.45026803017
1.03830206394 -0.0163576602936 2.63455438614
0.452485549049 -0.0965706816682 0.0134850990279
0.973338726476 0.224228537738 -0.0478554570071 0.00668252067415
0.995331346989 -0.034469768405 -0.0901621431112
-0.00845234375447 0.899356067181 -0.437140077353
0.0961561352015 0.435861200094 0.894865691662
-0.0041891139768
0 0 0

00000012.jpg
E:\zhaochen\VisualSFM_windows_64bit\library\science building\1390.jpg
1537.09606934
960 540
-0.837766230106 1.19087636471 -2.48248124123
1.0697479248 -0.0167784690857 2.67172908783
0.452745290555 -0.0917596888962 0.0143056410034
0.973419058856 0.22436333566 -0.0454726096757 0.00708933124481
0.995765686035 -0.0342065505683 -0.0853466764092
-0.00660298997536 0.899224877357 -0.437444150448
0.0917089432478 0.436154037714 0.895188093185
-0.00620984001512
0 0 0

00000013.jpg
E:\zhaochen\VisualSFM_windows_64bit\library\science building\1400.jpg
1541.89831543
960 540
-0.939898729324 1.18568944931 -2.48150968552
1.07833051682 -0.0185282230377 2.69889974594
0.452043583389 -0.0580526039602 0.0238319137859
0.974078536478 0.224065457287 -0.0287750644651 0.011812818181
0.998066902161 -0.0359082110226 -0.0507646165788
0.0101182395592 0.899313390255 -0.437194645405
0.0613520741463 0.435834765434 0.897935688496
-0.00437055145919
0 0 0

00000014.jpg
E:\zhaochen\VisualSFM_windows_64bit\library\science building\1420.jpg
1536.93847656
960 540
-1.00627863407 1.22289907932 -2.55706214905
1.12953960896 -0.0191015005112 2.78755402565
0.452661018156 -0.0511545233563 0.0250991373412
0.974094683067 0.224372724967 -0.025356015516 0.0124410135039
0.998405814171 -0.0356158390641 -0.0438153967261
0.0128590613604 0.899005889893 -0.437751382589
0.0549812428653 0.436489731073 0.898030102253
-0.00625101684759
0 0 0

00000015.jpg
E:\zhaochen\VisualSFM_windows_64bit\library\science building\1280.jpg
1538.13537598
960 540
-0.256846755743 1.0800126791 -2.21368575096
0.581189632416 -0.0114167928696 2.40726065636
0.452293232426 -0.13570427809 -0.00870418620221
0.972247118101 0.224050646234 -0.0672232724769 -0.00431175707204
0.990926027298 -0.0217386335135 -0.132647380233
-0.0385070070624 0.899565935135 -0.435085386038
0.128783151507 0.436244994402 0.890565872192
-0.00534664697701
0 0 0

00000016.jpg
E:\zhaochen\VisualSFM_windows_64bit\library\science building\1260.jpg
1537.96459961
960 540
-0.126951515675 1.06100642681 -2.17705488205
0.450024962425 -0.0107751488686 2.38302016258
0.450947021672 -0.136996635696 -0.00879181936369
0.972353761815 0.223391824336 -0.067865906426 -0.00435532440064
0.990751683712 -0.021851548925 -0.133925288916
-0.0387912131846 0.900154650211 -0.433840602636
0.130033388734 0.43502292037 0.890981018543
-0.00620122891879
0 0 0

00000017.jpg
E:\zhaochen\VisualSFM_windows_64bit\library\science building\1250.jpg
1538.16491699
960 540
-0.062136426568 1.05476224422 -2.16110825539
0.383904874325 -0.0115002989769 2.37471389771
0.450619470822 -0.137212088366 -0.00864678779275
0.972383322973 0.223231789369 -0.0679733167169 -0.00428352087793
0.99072355032 -0.0220171641558 -0.134104698896
-0.0386780612171 0.900298595428 -0.433551281691
0.130279779434 0.434716194868 0.891095161438
-0.00619033329168
0 0 0

00000018.jpg
E:\zhaochen\VisualSFM_windows_64bit\library\science building\1240.jpg
1538.45568848
960 540
0.00372712826356 1.04977631569 -2.1485452652
0.317512124777 -0.0115886926651 2.37009429932
0.450402335758 -0.137568096857 -0.00841903549423
0.972396057441 0.223125182607 -0.0681499723586 -0.0041707129002
0.990677654743 -0.0223007947206 -0.134398803115
-0.0385231338441 0.900397002697 -0.433363825083
0.13067625463 0.434500366449 0.891141712666
-0.0063485007564
0 0 0

00000019.jpg
E:\zhaochen\VisualSFM_windows_64bit\library\science building\1230.jpg
1538.16186523
960 540
0.0696218013763 1.04511535168 -2.14028096199
0.251397252083 -0.0101597309113 2.36952018738
0.45013241727 -0.137760600102 -0.00839741574629
0.972419664036 0.222993245062 -0.0682458807228 -0.00416003583736
0.990651607513 -0.0223461259156 -0.134582608938
-0.038527328521 0.900514006615 -0.433118104935
0.130871936679 0.434253960848 0.891234397888
-0.00619739457665
0 0 0

00000020.jpg
E:\zhaochen\VisualSFM_windows_64bit\library\science building\1220.jpg
1538.0871582
960 540
0.135770484805 1.04272735119 -2.13343906403
0.185261651874 -0.00981158018112 2.37125873566
0.450004067899 -0.137943388804 -0.00833266428839
0.972427908204 0.222930282069 -0.0683366235315 -0.00412796979563
0.990627169609 -0.022440303117 -0.134745419025
-0.038496915251 0.90057182312 -0.433003276587
0.131064340472 0.434131234884 0.891265153885
-0.00679330813247
0 0 0

00000021.jpg
E:\zhaochen\VisualSFM_windows_64bit\library\science building\1210.jpg
1538.55529785
960 540
0.204960390925 1.04145562649 -2.13025403023
0.11731299758 -0.00913065671921 2.37713766098
0.449745042581 -0.138297064798 -0.00880270228963
0.972443515233 0.222803136131 -0.0685121943264 -0.00436084779345
0.990574657917 -0.0220481026918 -0.135191708803
-0.0390108153224 0.900680541992 -0.432729482651
0.131305247545 0.433924376965 0.891330361366
-0.00644148339892
0 0 0

00000022.jpg
E:\zhaochen\VisualSFM_windows_64bit\library\science building\1430.jpg
1548.92956543
960 540
-1.11236095428 1.20199751854 -2.53761434555
1.11240470409 -0.0207965373993 2.80780386925
0.450190657246 -0.00869282803744 0.037930839197
0.974585362752 0.223185172657 -0.00430953040715 0.0188044792999
0.999256074429 -0.038576874882 -6.30432168691e-006
0.0347294062376 0.899670481682 -0.435188233852
0.0167937166989 0.434863775969 0.900339961052
-0.00231630847427
0 0 0

00000023.jpg
E:\zhaochen\VisualSFM_windows_64bit\library\science building\1440.jpg
1537.68408203
960 540
-1.24458599091 1.2173050642 -2.56649470329
1.1618500948 -0.0188277959824 2.87532305717
0.451642291607 0.0202433098328 0.0424393388366
0.974336849785 0.223886059782 0.0100349213518 0.0210378357573
0.998914480209 -0.0365025065839 0.0289748720825
0.0454892478883 0.898865461349 -0.435858637094
-0.0101347025484 0.436703115702 0.899549245834
-0.00662098142995
0 0 0

00000024.jpg
E:\zhaochen\VisualSFM_windows_64bit\library\science building\1450.jpg
1538.09228516
960 540
-1.26247608662 1.23824238777 -2.60754370689
1.17793715 -0.0200616121292 2.92206096649
0.451481590201 0.0205281787923 0.0418457721224
0.974359591168 0.223808114739 0.01017621337 0.0207437547218
0.998933494091 -0.0358687825501 0.0291156489402
0.04497872293 0.89896017313 -0.435717135668
-0.0105455154553 0.436561197042 0.899612784386
-0.00653373005133
0 0 0

00000025.jpg
E:\zhaochen\VisualSFM_windows_64bit\library\science building\1460.jpg
1537.57873535
960 540
-1.28110635281 1.25994074345 -2.65255880356
1.19563496113 -0.0200551748276 2.97234153748
0.451155372624 0.0206281212053 0.0406045278608
0.974408184377 0.22365006885 0.0102259243883 0.0201287760331
0.998981058598 -0.0346531942487 0.0289319977164
0.043801382184 0.899151742458 -0.435441344976
-0.0109248999506 0.436264485121 0.899752438068
-0.00653315678103
0 0 0

00000026.jpg
E:\zhaochen\VisualSFM_windows_64bit\library\science building\1470.jpg
1538.02612305
960 540
-1.3014332056 1.28160762787 -2.69579005241
1.21536016464 -0.0211508274078 3.02092456818
0.450665430978 0.0206651452309 0.0391921399868
0.974476608376 0.223412348427 0.0102445146871 0.0194290651833
0.999035477638 -0.0332888141274 0.0286473967135
0.0424438640475 0.899419009686 -0.43502214551
-0.0112847629935 0.43581828475 0.899964153767
-0.00668195029139
0 0 0

00000027.jpg
E:\zhaochen\VisualSFM_windows_64bit\library\science building\1480.jpg
1538.07666016
960 540
-1.32506883144 1.30341947079 -2.74070048332
1.2385289669 -0.0221148729324 3.0711107254
0.450129795357 0.0206173376633 0.0379440412416
0.974548697255 0.223152239831 0.010221063183 0.0188107916397
0.99908298254 -0.0321023836732 0.0283173378557
0.041225746274 0.899699628353 -0.434560984373
-0.0115263573825 0.435329914093 0.900198042393
-0.0063372730729
0 0 0

00000028.jpg
E:\zhaochen\VisualSFM_windows_64bit\library\science building\1490.jpg
1537.98840332
960 540
-1.35240471363 1.32442092896 -2.78560066223
1.26594161987 -0.0223098993301 3.1208281517
0.449649208195 0.0204175869276 0.0366679563419
0.974615070273 0.222918979433 0.0101222632164 0.0181785784488
0.99913418293 -0.0309212915599 0.0278353206813
0.0399471744895 0.899953722954 -0.434152275324
-0.0116259204224 0.434888511896 0.900410234928
-0.00640459621376
0 0 0

00000029.jpg
E:\zhaochen\VisualSFM_windows_64bit\library\science building\1500.jpg
1537.99145508
960 540
-1.38297843933 1.34347987175 -2.82767915726
1.29687654972 -0.0227057933807 3.16716766357
0.449025788543 0.0201416617331 0.035521764912
0.974696107724 0.222615997007 0.00998574296286 0.0176108217236
0.99917948246 -0.0298843774945 0.0273072440177
0.0387764200568 0.900264620781 -0.433614075184
-0.0116250151768 0.434317708015 0.90068590641
-0.00676912845487
0 0 0

00000030.jpg
E:\zhaochen\VisualSFM_windows_64bit\library\science building\1510.jpg
1538.07202148
960 540
-1.41593790054 1.36392211914 -2.8685798645
1.33065605164 -0.0237573385239 3.21289896965
0.448870416656 0.0196802043623 0.0345801511512
0.974723977363 0.222541059499 0.00975705541603 0.0171441538343
0.999222874641 -0.029078964144 0.0266514383256
0.0377643071115 0.900363326073 -0.433497607708
-0.0113903051242 0.434166818857 0.900761127472
-0.00669670877739
0 0 0

00000031.jpg
E:\zhaochen\VisualSFM_windows_64bit\library\science building\1520.jpg
1537.31591797
960 540
-1.45545470715 1.38323366642 -2.90858888626
1.37007045746 -0.0238591432571 3.25790143013
0.448753651454 0.0195830299198 0.0334831715452
0.974746595061 0.222484867005 0.00970895232415 0.0166004197269
0.999260723591 -0.0280422270298 0.026314208284
0.0366825833917 0.900450050831 -0.433410346508
-0.0115408645943 0.434055119753 0.900812923908
-0.00640186761947
0 0 0

00000032.jpg
E:\zhaochen\VisualSFM_windows_64bit\library\science building\1530.jpg
1537.16784668
960 540
-1.4971780777 1.39923751354 -2.9434170723
1.41231298447 -0.0236610174179 3.29665565491
0.448466989614 0.0193798395256 0.0322747487964
0.974789329535 0.22234594967 0.00960835228359 0.0160015337532
0.999303102493 -0.0269235055894 0.0258480142802
0.0354689918458 0.900613248348 -0.433173447847
-0.0116164628416 0.433788388968 0.900940597057
-0.00690469983127
0 0 0

00000033.jpg
E:\zhaochen\VisualSFM_windows_64bit\library\science building\1540.jpg
1537.29638672
960 540
-1.54048442841 1.41309225559 -2.97554254532
1.45707404613 -0.0229972600937 3.33169460297
0.448167746267 0.0188994782599 0.0311953975917
0.974833307933 0.222200883559 0.00937033243273 0.0154666304427
0.999346375465 -0.0259905289859 0.0251425970346
0.0343190170825 0.900775611401 -0.432927876711
-0.0113954516128 0.433507412672 0.901077926159
-0.00706481667813
0 0 0

00000034.jpg
E:\zhaochen\VisualSFM_windows_64bit\library\science building\1550.jpg
1536.93334961
960 540
-1.58926439285 1.42850768566 -3.00537014008
1.50591182709 -0.0247461795807 3.3660466671
0.448546622293 0.0185072513582 0.0316301714215
0.974789619979 0.222385452631 0.00917573172041 0.0156819595529
0.999340355396 -0.0264921635389 0.0248637218028
0.0346542820334 0.900597631931 -0.43327024579
-0.0109139103442 0.433845877647 0.900921225548
-0.00696928950644
0 0 0

00000035.jpg
E:\zhaochen\VisualSFM_windows_64bit\library\science building\1560.jpg
1536.68603516
960 540
-1.63544952869 1.43291413784 -3.03447747231
1.55110657215 -0.0260525941849 3.39549684525
0.447559481251 0.0178478722071 0.035009268041
0.974874426018 0.221902384202 0.00884907048472 0.0173577823126
0.999240577221 -0.0299160443246 0.024957023561
0.0377705879509 0.900917172432 -0.432346791029
-0.00954990647733 0.432961046696 0.901362836361
-0.00712015684891
0 0 0

00000036.jpg
E:\zhaochen\VisualSFM_windows_64bit\library\science building\1570.jpg
1537.41882324
960 540
-1.67396688461 1.4383893013 -3.0572283268
1.58914577961 -0.0268683433533 3.41931056976
0.447205466171 0.0173691643387 0.0370510121627
0.974897521698 0.221728588868 0.00861179164831 0.0183702330683
0.999176561832 -0.0319991447031 0.0249377004802
0.039637234062 0.9009988904 -0.432008951902
-0.00864475686103 0.432641655207 0.901525259018
-0.00650900476681
0 0 0

00000037.jpg
E:\zhaochen\VisualSFM_windows_64bit\library\science building\1580.jpg
1537.47814941
960 540
-1.7074379921 1.4422492981 -3.07776713371
1.6209551096 -0.027711391449 3.44090509415
0.446578253585 0.0173054019474 0.0389456565519
0.97494938181 0.221421484047 0.00858032774873 0.0193099529628
0.999107241631 -0.0338526964188 0.0252821873873
0.0414522103965 0.901199638844 -0.431418031454
-0.00817935355008 0.432080924511 0.901798307896
-0.00609586516593
0 0 0

00000038.jpg
E:\zhaochen\VisualSFM_windows_64bit\library\science building\1590.jpg
1538.44909668
960 540
-1.73491978645 1.44366300106 -3.09078574181
1.64415502548 -0.0278934240341 3.45587277412
0.446275710559 0.0181026932439 0.0407504133286
0.974961624246 0.221272391456 0.00897567609238 0.0202048670737
0.999023258686 -0.0354258343577 0.0264433119446
0.0433700457215 0.901260972023 -0.431101411581
-0.00856044702232 0.43182694912 0.901916444302
-0.0052767255924
0 0 0

00000039.jpg
E:\zhaochen\VisualSFM_windows_64bit\library\science building\1610.jpg
1538.56945801
960 540
-1.92131769657 1.40889763832 -3.04666852951
1.6845767498 -0.0252031087875 3.48141026497
0.445308904787 0.059899146383 0.0518494583078
0.974536885411 0.220761399457 0.0296949358965 0.0257043118924
0.996915578842 -0.0369885414839 0.0692265704274
0.0632106587291 0.901207387447 -0.428753584623
-0.0465286709368 0.431806921959 0.90076559782
-0.00608651202997
0 0 0

00000040.jpg
E:\zhaochen\VisualSFM_windows_64bit\library\science building\1620.jpg
1538.55993652
960 540
-1.93698215485 1.40799772739 -3.05089235306
1.69907665253 -0.0245518684387 3.48637890816
0.44503426969 0.0601074961874 0.052174450893
0.974559820899 0.220626956416 0.0297984556354 0.025865626733
0.996886909008 -0.037266548723 0.0694939419627
0.0635638535023 0.901308894157 -0.428486675024
-0.0466675683856 0.431569993496 0.900871574879
-0.00643736986946
0 0 0

00000041.jpg
E:\zhaochen\VisualSFM_windows_64bit\library\science building\1630.jpg
1541.17077637
960 540
-1.97575807571 1.39398932457 -3.03197956085
1.70107293129 -0.0233218669891 3.48504567146
0.444798663647 0.0707424276165 0.0556559999501
0.974366993091 0.220495810029 0.0350684706487 0.0275898193833
0.996018946171 -0.0383003726602 0.0805058330297
0.0692300647497 0.901241362095 -0.427752643824
-0.0561724081635 0.431622713804 0.900303840637
-0.0053193099206
0 0 0

00000042.jpg
E:\zhaochen\VisualSFM_windows_64bit\library\science building\1600.jpg
1541.28588867
960 540
-1.8312920332 1.42149603367 -3.06164574623
1.6549282074 -0.0269702672958 3.46532082558
0.445780418118 0.0424406141448 0.0481451313088
0.97475211373 0.221011196989 0.0210414153513 0.0238696287841
0.997974634171 -0.0372331403196 0.0515714399517
0.0558347441256 0.901169240475 -0.42985779047
-0.0304692164063 0.43186673522 0.901422858238
-0.00542317061411
0 0 0

00000043.jpg
E:\zhaochen\VisualSFM_windows_64bit\library\science building\1640.jpg
1546.17687988
960 540
-2.12245893478 1.33648014069 -2.94501614571
1.69567847252 -0.0190631151199 3.4768435955
0.442961039512 0.116323732427 0.0673150387147
0.973334684805 0.219508381813 0.0576439731579 0.0333578213476
0.991128504276 -0.0396299287677 0.126858383417
0.0902433693409 0.901406466961 -0.423464417458
-0.0975691303611 0.43115606904 0.896986663342
-0.0042738682721
0 0 0

00000044.jpg
E:\zhaochen\VisualSFM_windows_64bit\library\science building\1200.jpg
1537.23266602
960 540
0.279283255339 1.04045343399 -2.13555216789
0.0472832918167 -0.00547420978546 2.39141392708
0.4492501506 -0.139503138323 -0.00909624916251
0.972456172296 0.222558918471 -0.0691099770296 -0.00450628980991
0.990407288074 -0.0219977367669 -0.136418685317
-0.0395264141262 0.90089392662 -0.432234615088
0.132407009602 0.43348056078 0.891382813454
-0.0065850248165
0 0 0

00000045.jpg
E:\zhaochen\VisualSFM_windows_64bit\library\science building\1190.jpg
1537.87133789
960 540
0.465061157942 1.03463351727 -2.12193465233
-0.0294514000416 -0.00256967544556 2.4059278965
0.449049706237 -0.184053586767 -0.0199148239462
0.970655213676 0.222324315057 -0.0911248510873 -0.00985982070985
0.983199298382 -0.0213775541633 -0.181285828352
-0.059659499675 0.900949776173 -0.429803490639
0.172517418861 0.433397531509 0.884537100792
-0.00583846732399
0 0 0

00000046.jpg
E:\zhaochen\VisualSFM_windows_64bit\library\science building\1650.jpg
1551.74658203
960 540
-2.50401711464 1.18276298046 -2.68210077286
1.69702839851 -0.0140233039856 3.46159124374
0.438217026663 0.238237975961 0.0964721571087
0.967910980089 0.216759801781 0.117842104035 0.0477190167882
0.967672884464 -0.0412885174155 0.248808667064
0.143462523818 0.901476383209 -0.408361673355
-0.207433998585 0.430855095387 0.878257393837
-0.00636995592003
0 0 0

00000047.jpg
E:\zhaochen\VisualSFM_windows_64bit\library\science building\1670.jpg
1541.69921875
960 540
-2.80660510063 1.09341728687 -2.48856425285
1.76039981842 -0.00563108921051 3.48805141449
0.439057510868 0.320752584901 0.11049001534
0.961763391458 0.216723545602 0.158326952028 0.0545390689954
0.943915426731 -0.0362810567021 0.328185975552
0.173533663154 0.900112748146 -0.399603426456
-0.280906289816 0.434143662453 0.855927109718
-0.00872058189375
0 0 0

00000048.jpg
E:\zhaochen\VisualSFM_windows_64bit\library\science building\1680.jpg
1542.19396973
960 540
-2.82951450348 1.09451961517 -2.48232984543
1.78534924984 -0.00559163093567 3.4897840023
0.439717640827 0.320525244951 0.109294782112
0.961742397424 0.217047846374 0.158213607246 0.0539487045206
0.944116413593 -0.0350895561278 0.327740520239
0.172449469566 0.899959981441 -0.400417506695
-0.280902415514 0.434558957815 0.855717360973
-0.00781542856449
0 0 0

00000049.jpg
E:\zhaochen\VisualSFM_windows_64bit\library\science building\1690.jpg
1542.04223633
960 540
-2.85788011551 1.09351801872 -2.47757506371
1.81509566307 -0.0060476064682 3.49385738373
0.439734137066 0.320278989315 0.108487512033
0.961781782166 0.217058890429 0.15809416688 0.0535509459062
0.944277107716 -0.0343773029745 0.327351599932
0.171639993787 0.900035917759 -0.40059441328
-0.280856758356 0.434458732605 0.855783760548
-0.00775411497468
0 0 0

00000050.jpg
E:\zhaochen\VisualSFM_windows_64bit\library\science building\1700.jpg
1541.65844727
960 540
-2.89049911499 1.09158623219 -2.47183394432
1.84844756126 -0.00643134117126 3.49853110313
0.439745338084 0.320249014404 0.107839246399
0.961800188014 0.217065775356 0.158080358331 0.0532312854873
0.944354355335 -0.0337679535151 0.327192932367
0.171023488045 0.900097668171 -0.400718063116
-0.280973941088 0.434377551079 0.855786383152
-0.00835946706151
0 0 0

00000051.jpg
E:\zhaochen\VisualSFM_windows_64bit\library\science building\1710.jpg
1541.9543457
960 540
-2.92525672913 1.09020698071 -2.46619749069
1.88431859016 -0.00656402111053 3.50387263298
0.439968185561 0.320059436541 0.1071148806
0.961810219673 0.217176516059 0.157987317358 0.0528739062285
0.944489061832 -0.0330869369209 0.326873630285
0.170331716537 0.900077164173 -0.401058197021
-0.28094163537 0.434472173452 0.855749368668
-0.0079783957628
0 0 0

00000052.jpg
E:\zhaochen\VisualSFM_windows_64bit\library\science building\1720.jpg
1541.70617676
960 540
-2.96374440193 1.08608031273 -2.46096205711
1.92373120785 -0.004758477211 3.5098323822
0.439877584639 0.319986801553 0.106275659879
0.96184778905 0.217134562285 0.157953477327 0.0524603200869
0.94459682703 -0.0323234125972 0.326636344194
0.169511958957 0.90020096302 -0.401128172874
-0.281072467566 0.434273421764 0.85580688715
-0.00814300006267
0 0 0

00000053.jpg
E:\zhaochen\VisualSFM_windows_64bit\library\science building\1730.jpg
1542.23803711
960 540
-3.0044271946 1.08456015587 -2.45466160774
1.96467971802 -0.00487816333771 3.51684999466
0.440191793037 0.320002716897 0.105618866278
0.961829717201 0.217288330711 0.157960364726 0.0521357905991
0.944661021233 -0.0316458046436 0.326518952847
0.168937206268 0.900135874748 -0.401518106461
-0.281204938889 0.434459388256 0.855668723583
-0.00718047878115
0 0 0

00000054.jpg
E:\zhaochen\VisualSFM_windows_64bit\library\science building\1740.jpg
1542.57702637
960 540
-3.04767942429 1.08230066299 -2.44802331924
2.00906991959 -0.00461566448212 3.52365922928
0.440425655566 0.319810291539 0.104845977644
0.961839647852 0.217404503102 0.157865911398 0.0517544502319
0.944800257683 -0.0309175401926 0.326186716557
0.168200388551 0.900114417076 -0.401876181364
-0.281180053949 0.434556901455 0.85562735796
-0.00766195651776
0 0 0

00000055.jpg
E:\zhaochen\VisualSFM_windows_64bit\library\science building\1750.jpg
1542.28393555
960 540
-3.09379315376 1.08187663555 -2.44483852386
2.05391955376 -0.00390875339508 3.53562641144
0.440938769218 0.319869289673 0.104245904974
0.961794587282 0.217654459532 0.157892619622 0.0514574532553
0.944843173027 -0.0302512552589 0.326120555401
0.167714744806 0.899958610535 -0.402428388596
-0.281320512295 0.434927135706 0.855393528938
-0.00683615761636
0 0 0

00000056.jpg
E:\zhaochen\VisualSFM_windows_64bit\library\science building\1760.jpg
1542.61535645
960 540
-3.14249706268 1.07895004749 -2.43939995766
2.10201931 -0.00322651863098 3.54564499855
0.440987106231 0.320002106588 0.103595906889
0.961795540106 0.21767838985 0.157958231264 0.0511366202956
0.944868266582 -0.0295978169888 0.326109707355
0.167134076357 0.900003612041 -0.402569562197
-0.281584382057 0.434878855944 0.855330765247
-0.00703206811426
0 0 0

00000057.jpg
E:\zhaochen\VisualSFM_windows_64bit\library\science building\1660.jpg
1540.43969727
960 540
-2.78883671761 1.0965577364 -2.49800229073
1.74183082581 -0.00829982757568 3.49084830284
0.438951653231 0.31994077075 0.112209183994
0.961791961201 0.216673394047 0.157927763075 0.0553882063327
0.94398188591 -0.0381065048277 0.327789634466
0.174981221557 0.89997035265 -0.399294912815
-0.279784977436 0.434284001589 0.856222867966
-0.00975247586389
0 0 0

00000058.jpg
E:\zhaochen\VisualSFM_windows_64bit\library\science building\1770.jpg
1542.51293945
960 540
-3.19218182564 1.07899129391 -2.43900036812
2.14899253845 -0.00295221805573 3.56157588959
0.441341783258 0.320103901266 0.103298105441
0.961756597498 0.217850584883 0.15800639042 0.0509889467557
0.944868922234 -0.0292342677712 0.326143443584
0.166921555996 0.89988309145 -0.402925342321
-0.281711310148 0.435151606798 0.855150997639
-0.00633272840748
0 0 0

00000059.jpg
E:\zhaochen\VisualSFM_windows_64bit\library\science building\1780.jpg
1542.27441406
960 540
-3.2454855442 1.07738244534 -2.43750977516
2.19910335541 -0.00194668769836 3.57761764526
0.441361375889 0.320500863347 0.102758548852
0.961736734379 0.217858787304 0.158201268242 0.0507222744467
0.94479995966 -0.0286319013685 0.326396673918
0.166493996978 0.89993005991 -0.402996897697
-0.282195210457 0.435094296932 0.855020165443
-0.00635257555966
0 0 0

00000060.jpg
E:\zhaochen\VisualSFM_windows_64bit\library\science building\1790.jpg
1542.32800293
960 540
-3.2962808609 1.07922327518 -2.43995332718
2.24646425247 -0.00209951400757 3.59680080414
0.44163876365 0.320490668105 0.102374647043
0.961717049034 0.217994251205 0.15819517887 0.0505324404501
0.944841742516 -0.0282246023417 0.326309561729
0.166167035699 0.899850666523 -0.403309613466
-0.282246440649 0.435285538435 0.854906320572
-0.00623641919263
0 0 0

00000061.jpg
E:\zhaochen\VisualSFM_windows_64bit\library\science building\1800.jpg
1542.9822998
960 540
-3.34760189056 1.08076024055 -2.44362211227
2.29417300224 -0.00210177898407 3.6169822216
0.441610551842 0.320458127162 0.10187998492
0.961735099759 0.217981661209 0.158180085633 0.0502885817928
0.944900989532 -0.0277678724378 0.326178908348
0.165689304471 0.899910271168 -0.40337190032
-0.282330453396 0.435190558434 0.854926347733
-0.00598219994373
0 0 0

00000062.jpg
E:\zhaochen\VisualSFM_windows_64bit\library\science building\1810.jpg
1541.98510742
960 540
-3.40332889557 1.08308839798 -2.45053887367
2.34332609177 -0.000792503356934 3.64276218414
0.441637943075 0.320914055391 0.10133535888
0.961709789913 0.217993309084 0.158403773868 0.0500193213825
0.944813191891 -0.0271461941302 0.326484680176
0.165270090103 0.899954617023 -0.4034460783
-0.282869160175 0.435139119625 0.854775071144
-0.00607473016947
0 0 0

00000063.jpg
E:\zhaochen\VisualSFM_windows_64bit\library\science building\1820.jpg
1541.66259766
960 540
-3.45855426788 1.08351099491 -2.45142006874
2.38593268394 -0.00146627426147 3.66775035858
0.441742327402 0.323413237456 0.101843491203
0.961486822218 0.218028332447 0.159625293932 0.0502663321584
0.943986237049 -0.0270549990237 0.328874349594
0.166266664863 0.899874150753 -0.403215169907
-0.285036116838 0.435310304165 0.853967249393
-0.00654980970873
0 0 0

00000064.jpg
E:\zhaochen\VisualSFM_windows_64bit\library\science building\1830.jpg
1541.30664063
960 540
-3.56168699265 1.06157445908 -2.40760827065
2.43659329414 -0.00114011764526 3.69758486748
0.441313117486 0.340337110204 0.105127846258
0.960063785232 0.217711266985 0.167897169898 0.0518623075032
0.938240945339 -0.0264759492129 0.344966083765
0.172688543797 0.899824202061 -0.400618374348
-0.299801886082 0.435448437929 0.848824739456
-0.00713286244645
0 0 0

00000065.jpg
E:\zhaochen\VisualSFM_windows_64bit\library\science building\1840.jpg
1542.2734375
960 540
-3.6173043251 1.06617927551 -2.41586518288
2.48473763466 -0.00117015838623 3.72614097595
0.441363976417 0.340673772635 0.104599870952
0.9600437862 0.217734877931 0.168062112592 0.051601492986
0.938185334206 -0.0258933752775 0.34516492486
0.172265395522 0.899857342243 -0.400725334883
-0.300223022699 0.435414731503 0.848693609238
-0.00639678270041
0 0 0

00000066.jpg
E:\zhaochen\VisualSFM_windows_64bit\library\science building\1850.jpg
1541.91796875
960 540
-3.69565081596 1.05230951309 -2.39215254784
2.5253868103 -0.00135314464569 3.75633144379
0.440838772997 0.351792324649 0.10715687359
0.959084857097 0.217404942195 0.173490615367 0.052845700822
0.934217751026 -0.0259314700961 0.355762273073
0.176802575588 0.899884998798 -0.398683160543
-0.309806615114 0.435355991125 0.845272302628
-0.00757239593302
0 0 0

00000067.jpg
E:\zhaochen\VisualSFM_windows_64bit\library\science building\1860.jpg
1541.90637207
960 540
-3.78569340706 1.04222822189 -2.36936545372
2.57638168335 2.02655792236e-005 3.79392719269
0.440936444092 0.362912616013 0.108795523928
0.958050904778 0.217376699248 0.178911831039 0.0536349675814
0.930228590965 -0.0249873958528 0.366131156683
0.180552721024 0.899741470814 -0.397323995829
-0.319495409727 0.435707777739 0.841476082802
-0.00588263425332
0 0 0

00000068.jpg
E:\zhaochen\VisualSFM_windows_64bit\library\science building\1870.jpg
1542.65429688
960 540
-3.8407599926 1.04978430271 -2.38116836548
2.62061929703 -0.00114750862122 3.82829165459
0.441255956931 0.363449184441 0.108677066344
0.957971290258 0.217528327134 0.179171503179 0.0535751190855
0.930055260658 -0.0246971286833 0.366590499878
0.180596575141 0.899622619152 -0.397573560476
-0.319974124432 0.435970008373 0.841158092022
-0.00509075398989
0 0 0

00000069.jpg
E:\zhaochen\VisualSFM_windows_64bit\library\science building\1880.jpg
1541.52844238
960 540
-3.93138790131 1.03432571888 -2.35525822639
2.66656303406 0.00201749801636 3.86811590195
0.441096016314 0.376178063938 0.111087683393
0.95676326503 0.217360158513 0.18537035154 0.0547409987354
0.92528283596 -0.0241640806198 0.378507971764
0.185332626104 0.899516165257 -0.395629793406
-0.330914199352 0.436219066381 0.836784780025
-0.0058120965298
0 0 0

00000070.jpg
E:\zhaochen\VisualSFM_windows_64bit\library\science building\1890.jpg
1542.53955078
960 540
-3.98807191849 1.03980386257 -2.37307071686
2.71151566505 0.00422716140747 3.90705013275
0.440884122684 0.376413419424 0.11070926261
0.956774868002 0.217256600663 0.185487060523 0.0545547385789
0.92523676157 -0.0237966608256 0.378643333912
0.184989750385 0.89964735508 -0.395493000746
-0.331234097481 0.435969620943 0.836788475513
-0.00495814066318
0 0 0

00000071.jpg
E:\zhaochen\VisualSFM_windows_64bit\library\science building\1900.jpg
1542.71813965
960 540
-4.04355192184 1.05059492588 -2.3925011158
2.7549405098 0.00573253631592 3.94821429253
0.441493147339 0.376432319014 0.110095489871
0.956723626969 0.217552920174 0.185493140138 0.0542513410768
0.925298213959 -0.0230980571359 0.378536105156
0.184516102076 0.899455308914 -0.396149426699
-0.331326574087 0.436402648687 0.836526870728
-0.00477553901418
0 0 0

00000072.jpg
E:\zhaochen\VisualSFM_windows_64bit\library\science building\1910.jpg
1541.7409668
960 540
-4.0993938446 1.05836606026 -2.41785764694
2.79760885239 0.0122981071472 3.99304771423
0.442060889302 0.376363205527 0.109516396001
0.956683776991 0.217829731014 0.18545656901 0.0539652515293
0.925387084484 -0.0224595069885 0.378356873989
0.184051215649 0.899276077747 -0.396771907806
-0.331336289644 0.436804771423 0.836312234402
-0.00536167414472
0 0 0

00000073.jpg
E:\zhaochen\VisualSFM_windows_64bit\library\science building\1920.jpg
1541.77624512
960 540
-4.15508127213 1.06639873981 -2.44230127335
2.83984899521 0.0154066085815 4.037545681
0.441879425543 0.376385534559 0.10907277745
0.956713635426 0.217742524878 0.185469455885 0.0537472002194
0.925424933434 -0.0220723971725 0.378288269043
0.183610320091 0.899400115013 -0.396697759628
-0.331476360559 0.436571210623 0.836378872395
-0.00505249345766
0 0 0

00000074.jpg
E:\zhaochen\VisualSFM_windows_64bit\library\science building\1930.jpg
1541.65966797
960 540
-4.20929336548 1.08205914497 -2.46820759773
2.8807387352 0.0153478384018 4.08438014984
0.442179328996 0.376050533544 0.10814398563
0.956736663322 0.217892013697 0.185305830989 0.0532899420053
0.925644159317 -0.0212155543268 0.377800643444
0.182722210884 0.899366438389 -0.397180646658
-0.331354886293 0.436680465937 0.83636957407
-0.00465628633511
0 0 0

00000075.jpg
E:\zhaochen\VisualSFM_windows_64bit\library\science building\1940.jpg
1540.45300293
960 540
-4.26817750931 1.09667575359 -2.49248290062
2.92545604706 0.0152277946472 4.13207101822
0.442318543672 0.37603074912 0.107223386972
0.956747853884 0.217961444093 0.18529678729 0.0528365012034
0.925747454166 -0.0203273724765 0.377597242594
0.181877464056 0.899401962757 -0.397487252951
-0.331531971693 0.43664932251 0.836316406727
-0.00571010746104
0 0 0

00000076.jpg
E:\zhaochen\VisualSFM_windows_64bit\library\science building\1950.jpg
1540.77062988
960 540
-4.32626962662 1.10730218887 -2.51526927948
2.97185897827 0.0152049064636 4.17578172684
0.441884382178 0.375664249027 0.106477780454
0.956848703219 0.217754972946 0.185122538119 0.0524708886243
0.925953090191 -0.0197907667607 0.377120375633
0.181036040187 0.899659633636 -0.397290050983
-0.331416666508 0.436144202948 0.836625039577
-0.00565886563617
0 0 0

00000077.jpg
E:\zhaochen\VisualSFM_windows_64bit\library\science building\1960.jpg
1540.16870117
960 540
-4.38434123993 1.11944103241 -2.53954696655
3.01849865913 0.0153520107269 4.22058343887
0.441862565797 0.375045971751 0.105836744173
0.956925000891 0.217749873766 0.184822656017 0.0521563478496
0.926241219044 -0.0193292442709 0.376436710358
0.180309608579 0.899729907513 -0.397461473942
-0.331008970737 0.436019718647 0.836850702763
-0.00605913385717
0 0 0

00000078.jpg
E:\zhaochen\VisualSFM_windows_64bit\library\science building\1970.jpg
1540.22521973
960 540
-4.4447312355 1.12353205681 -2.56256842613
3.06949043274 0.0210164785385 4.26174974442
0.441387961919 0.374378768241 0.105062708852
0.957058396246 0.21752585931 0.18450223 0.0517772526581
0.926556587219 -0.0188397541642 0.375684350729
0.1793756634 0.900003492832 -0.397263884544
-0.330633282661 0.43547591567 0.837283015251
-0.00542799507421
0 0 0

00000079.jpg
E:\zhaochen\VisualSFM_windows_64bit\library\science building\1980.jpg
1539.76208496
960 540
-4.50538730621 1.12771713734 -2.57882213593
3.12199020386 0.0224944353104 4.29805374146
0.44097262116 0.373863826022 0.104708086331
0.957160146947 0.21732869174 0.184254831932 0.0516042727482
0.926774084568 -0.0186994075775 0.375153034925
0.17887480557 0.900210678577 -0.397019982338
-0.330292493105 0.435053467751 0.837637424469
-0.00622556233085
0 0 0

00000080.jpg
E:\zhaochen\VisualSFM_windows_64bit\library\science building\1990.jpg
1539.96130371
960 540
-4.56628656387 1.13312220573 -2.59077262878
3.17649388313 0.0233306884766 4.33086490631
0.44091611272 0.373295239305 0.104065741268
0.957235073261 0.217306380102 0.183979298607 0.0512890068543
0.927042007446 -0.0182315334678 0.374513685703
0.178151011467 0.900294244289 -0.397154152393
-0.329932063818 0.434899002314 0.837859690189
-0.00611510096156
0 0 0

00000081.jpg
E:\zhaochen\VisualSFM_windows_64bit\library\science building\2000.jpg
1539.24829102
960 540
-4.62785339355 1.13280081749 -2.60229587555
3.23309850693 0.026719212532 4.36102676392
0.440652828036 0.372565523374 0.103827900741
0.957336789618 0.217184133195 0.183626009194 0.0511735570256
0.927325487137 -0.0182193256915 0.373811841011
0.177741989493 0.90042424202 -0.397043049335
-0.329355895519 0.434630393982 0.838225185871
-0.00660110948457
0 0 0

