0.990788 -0.0217532 -0.133684 -0.038859 0.89987 -0.434427 0.129748 0.435619 0.890734 
0.998406 -0.0353054 -0.044124 0.0124423 0.898995 -0.437789 0.0551233 0.43654 0.897997 
0.990953 -0.0218392 -0.132436 -0.0383836 0.899365 -0.435514 0.128619 0.436657 0.890388 
0.990971 -0.0244566 -0.131824 -0.0358024 0.899249 -0.435972 0.129206 0.436756 0.890257 
0.990973 -0.022414 -0.132194 -0.0378371 0.899113 -0.436087 0.128632 0.437151 0.890145 
0.990936 -0.0268208 -0.131633 -0.0333896 0.899944 -0.434725 0.130122 0.435181 0.890894 
0.990935 -0.0290454 -0.131192 -0.031264 0.899726 -0.435343 0.130681 0.435496 0.890658 
0.990938 -0.0307096 -0.130789 -0.0295986 0.899701 -0.43551 0.131045 0.435432 0.890635 
0.991967 -0.0326944 -0.122205 -0.0240987 0.8995 -0.436263 0.124187 0.435703 0.891485 
0.994651 -0.0326566 -0.0980269 -0.0135592 0.89928 -0.437166 0.10243 0.436156 0.894024 
0.994698 -0.03316 -0.0973592 -0.0128052 0.899311 -0.437128 0.102051 0.436056 0.894117 
0.995331 -0.0344698 -0.0901621 -0.00845234 0.899356 -0.43714 0.0961561 0.435861 0.894866 
0.995766 -0.0342066 -0.0853467 -0.00660299 0.899225 -0.437444 0.0917089 0.436154 0.895188 
0.998067 -0.0359082 -0.0507646 0.0101182 0.899313 -0.437195 0.0613521 0.435835 0.897936 
0.998406 -0.0356158 -0.0438154 0.0128591 0.899006 -0.437751 0.0549812 0.43649 0.89803 
0.990926 -0.0217386 -0.132647 -0.038507 0.899566 -0.435085 0.128783 0.436245 0.890566 
0.990752 -0.0218515 -0.133925 -0.0387912 0.900155 -0.433841 0.130033 0.435023 0.890981 
0.990724 -0.0220172 -0.134105 -0.0386781 0.900299 -0.433551 0.13028 0.434716 0.891095 
0.990678 -0.0223008 -0.134399 -0.0385231 0.900397 -0.433364 0.130676 0.4345 0.891142 
0.990652 -0.0223461 -0.134583 -0.0385273 0.900514 -0.433118 0.130872 0.434254 0.891234 
0.990627 -0.0224403 -0.134745 -0.0384969 0.900572 -0.433003 0.131064 0.434131 0.891265 
0.990575 -0.0220481 -0.135192 -0.0390108 0.900681 -0.432729 0.131305 0.433924 0.89133 
0.999256 -0.0385769 -6.30432e-006 0.0347294 0.89967 -0.435188 0.0167937 0.434864 0.90034 
0.998914 -0.0365025 0.0289749 0.0454892 0.898865 -0.435859 -0.0101347 0.436703 0.899549 
0.998933 -0.0358688 0.0291156 0.0449787 0.89896 -0.435717 -0.0105455 0.436561 0.899613 
0.998981 -0.0346532 0.028932 0.0438014 0.899152 -0.435441 -0.0109249 0.436264 0.899752 
0.999035 -0.0332888 0.0286474 0.0424439 0.899419 -0.435022 -0.0112848 0.435818 0.899964 
0.999083 -0.0321024 0.0283173 0.0412257 0.8997 -0.434561 -0.0115264 0.43533 0.900198 
0.999134 -0.0309213 0.0278353 0.0399472 0.899954 -0.434152 -0.0116259 0.434889 0.90041 
0.999179 -0.0298844 0.0273072 0.0387764 0.900265 -0.433614 -0.011625 0.434318 0.900686 
0.999223 -0.029079 0.0266514 0.0377643 0.900363 -0.433498 -0.0113903 0.434167 0.900761 
0.999261 -0.0280422 0.0263142 0.0366826 0.90045 -0.43341 -0.0115409 0.434055 0.900813 
0.999303 -0.0269235 0.025848 0.035469 0.900613 -0.433173 -0.0116165 0.433788 0.900941 
0.999346 -0.0259905 0.0251426 0.034319 0.900776 -0.432928 -0.0113955 0.433507 0.901078 
0.99934 -0.0264922 0.0248637 0.0346543 0.900598 -0.43327 -0.0109139 0.433846 0.900921 
0.999241 -0.029916 0.024957 0.0377706 0.900917 -0.432347 -0.00954991 0.432961 0.901363 
0.999177 -0.0319991 0.0249377 0.0396372 0.900999 -0.432009 -0.00864476 0.432642 0.901525 
0.999107 -0.0338527 0.0252822 0.0414522 0.9012 -0.431418 -0.00817935 0.432081 0.901798 
0.999023 -0.0354258 0.0264433 0.04337 0.901261 -0.431101 -0.00856045 0.431827 0.901916 
0.996916 -0.0369885 0.0692266 0.0632107 0.901207 -0.428754 -0.0465287 0.431807 0.900766 
0.996887 -0.0372665 0.0694939 0.0635639 0.901309 -0.428487 -0.0466676 0.43157 0.900872 
0.996019 -0.0383004 0.0805058 0.0692301 0.901241 -0.427753 -0.0561724 0.431623 0.900304 
0.997975 -0.0372331 0.0515714 0.0558347 0.901169 -0.429858 -0.0304692 0.431867 0.901423 
0.991129 -0.0396299 0.126858 0.0902434 0.901406 -0.423464 -0.0975691 0.431156 0.896987 
0.990407 -0.0219977 -0.136419 -0.0395264 0.900894 -0.432235 0.132407 0.433481 0.891383 
0.983199 -0.0213776 -0.181286 -0.0596595 0.90095 -0.429803 0.172517 0.433398 0.884537 
0.967673 -0.0412885 0.248809 0.143463 0.901476 -0.408362 -0.207434 0.430855 0.878257 
0.943915 -0.0362811 0.328186 0.173534 0.900113 -0.399603 -0.280906 0.434144 0.855927 
0.944116 -0.0350896 0.327741 0.172449 0.89996 -0.400418 -0.280902 0.434559 0.855717 
0.944277 -0.0343773 0.327352 0.17164 0.900036 -0.400594 -0.280857 0.434459 0.855784 
0.944354 -0.033768 0.327193 0.171023 0.900098 -0.400718 -0.280974 0.434378 0.855786 
0.944489 -0.0330869 0.326874 0.170332 0.900077 -0.401058 -0.280942 0.434472 0.855749 
0.944597 -0.0323234 0.326636 0.169512 0.900201 -0.401128 -0.281072 0.434273 0.855807 
0.944661 -0.0316458 0.326519 0.168937 0.900136 -0.401518 -0.281205 0.434459 0.855669 
0.9448 -0.0309175 0.326187 0.1682 0.900114 -0.401876 -0.28118 0.434557 0.855627 
0.944843 -0.0302513 0.326121 0.167715 0.899959 -0.402428 -0.281321 0.434927 0.855394 
0.944868 -0.0295978 0.32611 0.167134 0.900004 -0.40257 -0.281584 0.434879 0.855331 
0.943982 -0.0381065 0.32779 0.174981 0.89997 -0.399295 -0.279785 0.434284 0.856223 
0.944869 -0.0292343 0.326143 0.166922 0.899883 -0.402925 -0.281711 0.435152 0.855151 
0.9448 -0.0286319 0.326397 0.166494 0.89993 -0.402997 -0.282195 0.435094 0.85502 
0.944842 -0.0282246 0.32631 0.166167 0.899851 -0.40331 -0.282246 0.435286 0.854906 
0.944901 -0.0277679 0.326179 0.165689 0.89991 -0.403372 -0.28233 0.435191 0.854926 
0.944813 -0.0271462 0.326485 0.16527 0.899955 -0.403446 -0.282869 0.435139 0.854775 
0.943986 -0.027055 0.328874 0.166267 0.899874 -0.403215 -0.285036 0.43531 0.853967 
0.938241 -0.0264759 0.344966 0.172689 0.899824 -0.400618 -0.299802 0.435448 0.848825 
0.938185 -0.0258934 0.345165 0.172265 0.899857 -0.400725 -0.300223 0.435415 0.848694 
0.934218 -0.0259315 0.355762 0.176803 0.899885 -0.398683 -0.309807 0.435356 0.845272 
0.930229 -0.0249874 0.366131 0.180553 0.899741 -0.397324 -0.319495 0.435708 0.841476 
0.930055 -0.0246971 0.36659 0.180597 0.899623 -0.397574 -0.319974 0.43597 0.841158 
0.925283 -0.0241641 0.378508 0.185333 0.899516 -0.39563 -0.330914 0.436219 0.836785 
0.925237 -0.0237967 0.378643 0.18499 0.899647 -0.395493 -0.331234 0.43597 0.836788 
0.925298 -0.0230981 0.378536 0.184516 0.899455 -0.396149 -0.331327 0.436403 0.836527 
0.925387 -0.0224595 0.378357 0.184051 0.899276 -0.396772 -0.331336 0.436805 0.836312 
0.925425 -0.0220724 0.378288 0.18361 0.8994 -0.396698 -0.331476 0.436571 0.836379 
0.925644 -0.0212156 0.377801 0.182722 0.899366 -0.397181 -0.331355 0.43668 0.83637 
0.925747 -0.0203274 0.377597 0.181877 0.899402 -0.397487 -0.331532 0.436649 0.836316 
0.925953 -0.0197908 0.37712 0.181036 0.89966 -0.39729 -0.331417 0.436144 0.836625 
0.926241 -0.0193292 0.376437 0.18031 0.89973 -0.397461 -0.331009 0.43602 0.836851 
0.926557 -0.0188398 0.375684 0.179376 0.900003 -0.397264 -0.330633 0.435476 0.837283 
0.926774 -0.0186994 0.375153 0.178875 0.900211 -0.39702 -0.330292 0.435053 0.837637 
0.927042 -0.0182315 0.374514 0.178151 0.900294 -0.397154 -0.329932 0.434899 0.83786 
0.927325 -0.0182193 0.373812 0.177742 0.900424 -0.397043 -0.329356 0.43463 0.838225 
0.927442 -0.0180665 0.373531 0.177338 0.900633 -0.396752 -0.329247 0.434206 0.838488 
0.927649 -0.0180934 0.373017 0.17715 0.90062 -0.396866 -0.328766 0.434232 0.838663 
0.92774 -0.0178593 0.372801 0.176776 0.900737 -0.396767 -0.32871 0.433999 0.838807 
0.927978 -0.0180295 0.372201 0.176628 0.900778 -0.396738 -0.328118 0.433905 0.839086 
0.928053 -0.017898 0.37202 0.176378 0.900863 -0.396657 -0.32804 0.433734 0.839205 
0.928259 -0.0182753 0.371485 0.176404 0.90094 -0.396472 -0.32744 0.43356 0.839529 
0.926857 -0.0184433 0.374964 0.177997 0.900981 -0.395667 -0.330538 0.433468 0.838362 
0.923329 -0.0190531 0.383539 0.182198 0.900929 -0.393867 -0.338037 0.433549 0.835325 
0.914294 -0.0218631 0.40446 0.1934 0.90093 -0.388488 -0.355897 0.433415 0.827943 
0.963022 -0.0185714 -0.268781 -0.100498 0.900858 -0.422323 0.249976 0.433718 0.865679 
0.960111 -0.0185171 -0.279006 -0.10497 0.900958 -0.421017 0.259169 0.433511 0.863076 
0.955926 -0.0176259 -0.293077 -0.111936 0.900928 -0.419283 0.271432 0.43361 0.859248 
0.955598 -0.0168943 -0.29419 -0.112935 0.901126 -0.41859 0.272174 0.433228 0.859207 
0.955497 -0.0166009 -0.294536 -0.113208 0.90134 -0.418057 0.272417 0.432795 0.859347 
0.955434 -0.0162662 -0.294758 -0.113542 0.901425 -0.417782 0.272498 0.43263 0.859405 
0.955416 -0.0161229 -0.294823 -0.113573 0.901619 -0.417357 0.272546 0.432233 0.859589 
0.95536 -0.0159127 -0.295017 -0.113796 0.901688 -0.417145 0.272651 0.432095 0.859626 
0.9554 -0.015606 -0.294903 -0.113946 0.901795 -0.416872 0.272448 0.431883 0.859796 
0.955432 -0.0156831 -0.294794 -0.113779 0.901877 -0.416741 0.272404 0.431709 0.859898 
0.955454 -0.0157487 -0.294719 -0.113667 0.901912 -0.416694 0.272373 0.431632 0.859946 
0.955577 -0.0161563 -0.2943 -0.113285 0.901667 -0.41733 0.272103 0.432131 0.859781 
0.955668 -0.0164648 -0.293987 -0.112974 0.901517 -0.417735 0.271912 0.432429 0.859692 
0.955745 -0.0165463 -0.29373 -0.113 0.901185 -0.418446 0.271629 0.433119 0.859434 
0.955831 -0.0168827 -0.293433 -0.112779 0.900862 -0.419199 0.271419 0.433777 0.859168 
0.955941 -0.0169731 -0.29307 -0.112713 0.900589 -0.419806 0.27106 0.434342 0.858996 
0.956084 -0.0171292 -0.292593 -0.112542 0.900309 -0.420453 0.270626 0.434917 0.858842 
0.97347 -0.0220905 -0.227746 -0.0790203 0.901635 -0.425217 0.214737 0.431933 0.875969 
0.95622 -0.0175069 -0.292125 -0.112054 0.900235 -0.420739 0.270347 0.435053 0.858861 
0.956336 -0.0181564 -0.291704 -0.11154 0.899854 -0.42169 0.270147 0.435814 0.858538 
0.956515 -0.0188584 -0.291073 -0.110779 0.89965 -0.422326 0.269828 0.436206 0.85844 
0.956633 -0.0195129 -0.290643 -0.110091 0.899536 -0.422749 0.269693 0.436412 0.858377 
0.956823 -0.0204913 -0.289949 -0.109101 0.899264 -0.423584 0.26942 0.436928 0.8582 
0.956989 -0.0213551 -0.289339 -0.108268 0.898958 -0.424444 0.269168 0.437514 0.85798 
0.95705 -0.0225035 -0.28905 -0.107289 0.898716 -0.425205 0.269342 0.437954 0.857702 
0.957121 -0.0237401 -0.288716 -0.106249 0.898416 -0.426099 0.269503 0.438504 0.85737 
0.957123 -0.02447 -0.288646 -0.105745 0.898151 -0.426782 0.269691 0.439006 0.857054 
0.957083 -0.0245483 -0.288773 -0.105931 0.897828 -0.427413 0.269761 0.43966 0.856696 
0.957074 -0.0243575 -0.288817 -0.106168 0.897746 -0.427529 0.269698 0.43984 0.856624 
0.957058 -0.0243282 -0.288872 -0.106272 0.897659 -0.427685 0.269714 0.440019 0.856527 
0.957012 -0.0244052 -0.289022 -0.106324 0.897573 -0.427854 0.26986 0.440192 0.856393 
0.957044 -0.0240365 -0.288947 -0.106642 0.897522 -0.427879 0.269621 0.440313 0.856405 
0.957023 -0.0239185 -0.289025 -0.106836 0.897431 -0.428024 0.269618 0.440507 0.856306 
0.957005 -0.0237388 -0.289099 -0.107053 0.897385 -0.428065 0.269595 0.440609 0.856261 
0.956947 -0.0234653 -0.289315 -0.107346 0.897452 -0.427851 0.269686 0.440487 0.856295 
0.952617 -0.0235751 -0.303259 -0.113217 0.897875 -0.425444 0.282318 0.439619 0.852662 
0.948909 -0.0233331 -0.314686 -0.118619 0.897743 -0.42425 0.292406 0.439902 0.849109 
0.948915 -0.0236982 -0.314641 -0.118192 0.89788 -0.42408 0.292559 0.439604 0.84921 
0.948925 -0.0242168 -0.314571 -0.117601 0.898049 -0.423886 0.292766 0.43923 0.849333 
0.948679 -0.0249103 -0.315256 -0.117156 0.898276 -0.423528 0.293737 0.438727 0.849257 
0.939124 -0.0253499 -0.342642 -0.128918 0.898409 -0.419811 0.318475 0.438427 0.840449 
0.938731 -0.0260377 -0.343668 -0.128768 0.898437 -0.419799 0.319694 0.438331 0.840037 
0.938627 -0.0267918 -0.343894 -0.128063 0.898655 -0.419548 0.320282 0.437838 0.84007 
0.935917 -0.0274507 -0.35115 -0.130643 0.898789 -0.418462 0.327097 0.437521 0.837606 
0.935572 -0.0280913 -0.352018 -0.130517 0.898744 -0.418599 0.328133 0.437574 0.837173 
0.935571 -0.0288971 -0.351956 -0.129796 0.898748 -0.418815 0.328422 0.437513 0.837091 
0.935547 -0.0297332 -0.35195 -0.129069 0.898758 -0.419017 0.328777 0.437436 0.836992 
0.93555 -0.0304603 -0.351878 -0.128291 0.89892 -0.418907 0.329071 0.437052 0.837078 
0.935567 -0.0312936 -0.351761 -0.127474 0.898987 -0.419015 0.329341 0.436857 0.837072 
0.935584 -0.0320918 -0.351644 -0.126649 0.899102 -0.419018 0.32961 0.436562 0.837121 
0.935612 -0.0331102 -0.351477 -0.125694 0.89911 -0.419288 0.329899 0.436469 0.837055 
0.935636 -0.0340162 -0.351325 -0.124771 0.899209 -0.419351 0.330179 0.436195 0.837088 
0.935749 -0.0354146 -0.350885 -0.123302 0.8993 -0.41959 0.330411 0.435896 0.837152 
0.935776 -0.0369776 -0.350653 -0.121853 0.899298 -0.420019 0.330873 0.435771 0.837035 
0.935707 -0.0381667 -0.350709 -0.120784 0.899388 -0.420134 0.331459 0.435482 0.836954 
0.935725 -0.0389482 -0.350572 -0.120149 0.899255 -0.420601 0.331635 0.435688 0.836776 
0.935683 -0.0383846 -0.35075 -0.120914 0.898994 -0.42094 0.33148 0.436277 0.836531 
0.934536 -0.0383317 -0.353799 -0.122363 0.898953 -0.420609 0.334171 0.436366 0.835413 
0.918856 -0.0377758 -0.392782 -0.140221 0.89918 -0.414505 0.36884 0.435947 0.820919 
0.895231 -0.0365195 -0.444103 -0.164073 0.899602 -0.404718 0.414296 0.435181 0.79936 
0.876109 -0.0353584 -0.480813 -0.181477 0.899767 -0.396845 0.446652 0.434936 0.781877 
0.855217 -0.0344665 -0.517122 -0.198275 0.900121 -0.387902 0.478842 0.434273 0.762966 
0.832603 -0.0330607 -0.552883 -0.215526 0.900203 -0.378396 0.510216 0.434214 0.742386 
0.813689 -0.0314673 -0.580448 -0.229004 0.900431 -0.369839 0.534291 0.433859 0.725465 
0.810878 -0.0302152 -0.584435 -0.231665 0.900512 -0.367981 0.537409 0.433781 0.723206 
0.81079 -0.0291625 -0.58461 -0.232408 0.900619 -0.36725 0.537221 0.43363 0.723435 
0.81055 -0.028463 -0.584979 -0.233065 0.900649 -0.366758 0.5373 0.433613 0.723387 
0.810589 -0.0270768 -0.584989 -0.233906 0.900817 -0.365807 0.536873 0.433352 0.72386 
0.810526 -0.0258994 -0.585131 -0.234986 0.900714 -0.365372 0.536498 0.433641 0.723965 
0.810591 -0.0253457 -0.585065 -0.23538 0.900708 -0.365132 0.536228 0.433685 0.72414 
0.810504 -0.0247907 -0.585208 -0.235875 0.900697 -0.364839 0.53614 0.43374 0.724172 
0.810411 -0.0238976 -0.585374 -0.236565 0.900742 -0.364282 0.535976 0.433697 0.724318 
0.799179 -0.0240169 -0.600614 -0.243531 0.900585 -0.360055 0.549551 0.434016 0.71388 
0.797357 -0.0243662 -0.603016 -0.244375 0.900569 -0.359523 0.551818 0.43403 0.71212 
0.797443 -0.0249322 -0.602879 -0.244022 0.900469 -0.360014 0.551849 0.434207 0.711988 
0.797607 -0.0254234 -0.602641 -0.243606 0.900425 -0.360403 0.551796 0.434267 0.711993 
0.79779 -0.0257889 -0.602385 -0.243277 0.90038 -0.360739 0.551678 0.43434 0.71204 
0.797801 -0.0262231 -0.602352 -0.24299 0.900341 -0.36103 0.551789 0.434395 0.71192 
0.878751 -0.0268299 0.476527 0.228088 0.900638 -0.369903 -0.419254 0.433742 0.797555 
0.784144 -0.0266289 -0.620008 -0.250502 0.900485 -0.355494 0.567774 0.434072 0.699439 
0.751276 -0.0265285 -0.659455 -0.26865 0.900374 -0.342277 0.602836 0.434307 0.669303 
0.737588 -0.0264003 -0.674735 -0.275913 0.900229 -0.336838 0.616308 0.434616 0.656714 
0.737633 -0.0266593 -0.674676 -0.275582 0.900317 -0.336873 0.616404 0.434418 0.656756 
0.737094 -0.0270566 -0.675248 -0.275602 0.900293 -0.336919 0.617038 0.434441 0.656144 
0.737228 -0.0275271 -0.675083 -0.275173 0.900314 -0.337215 0.61707 0.434369 0.656162 
0.737316 -0.0282955 -0.674955 -0.274422 0.900427 -0.337525 0.617299 0.434085 0.656135 
0.737529 -0.0289 -0.674697 -0.273913 0.900408 -0.337989 0.617271 0.434085 0.656161 
0.737618 -0.0296738 -0.674566 -0.273204 0.900487 -0.338352 0.617479 0.433869 0.656108 
0.737637 -0.0304902 -0.674509 -0.272638 0.900469 -0.338859 0.617706 0.433851 0.655906 
0.737792 -0.0314114 -0.674296 -0.271856 0.900499 -0.339404 0.617865 0.433722 0.655843 
0.737883 -0.032414 -0.674149 -0.270898 0.900634 -0.339812 0.618177 0.433368 0.655782 
0.737953 -0.0331571 -0.674037 -0.270243 0.900694 -0.340176 0.61838 0.433188 0.65571 
0.738062 -0.0335194 -0.673901 -0.269801 0.900782 -0.340292 0.618444 0.432975 0.655789 
0.738093 -0.0338525 -0.673849 -0.269409 0.900877 -0.340351 0.618577 0.432752 0.655811 
0.738117 -0.0341381 -0.673809 -0.269027 0.900992 -0.340351 0.618715 0.432492 0.655853 
0.729227 -0.0343763 -0.683407 -0.273416 0.900906 -0.337064 0.627273 0.432651 0.647566 
0.712996 -0.0342276 -0.700331 -0.281062 0.901101 -0.330184 0.642371 0.432256 0.632861 
0.708391 -0.0341341 -0.704995 -0.28281 0.901419 -0.327816 0.646685 0.431601 0.628903 
0.708107 -0.0342451 -0.705274 -0.282691 0.901534 -0.327601 0.647047 0.431352 0.628702 
0.707285 -0.0343652 -0.706092 -0.282912 0.901584 -0.32727 0.647849 0.431236 0.627955 
0.707399 -0.0344796 -0.705973 -0.282647 0.901673 -0.327256 0.64784 0.431042 0.628097 
0.707469 -0.0346856 -0.705892 -0.282218 0.901841 -0.327162 0.647951 0.430673 0.628236 
0.707508 -0.0348861 -0.705843 -0.281914 0.901938 -0.327157 0.64804 0.430453 0.628294 
0.707613 -0.03503 -0.705732 -0.281644 0.902019 -0.327167 0.648044 0.430272 0.628414 
0.707628 -0.0350967 -0.705713 -0.281301 0.90221 -0.326934 0.648176 0.429865 0.628557 
0.707703 -0.0353172 -0.705627 -0.281036 0.902261 -0.327022 0.648209 0.429742 0.628607 
0.707876 -0.0355323 -0.705443 -0.280734 0.90231 -0.32715 0.648152 0.429623 0.628748 
0.707911 -0.0357432 -0.705396 -0.280374 0.902439 -0.327101 0.648269 0.429333 0.628825 
0.708105 -0.0358496 -0.705197 -0.280151 0.902477 -0.327185 0.648154 0.429243 0.629005 
0.708207 -0.036011 -0.705086 -0.280103 0.902403 -0.327431 0.648064 0.429386 0.629001 
0.708396 -0.0362245 -0.704884 -0.280028 0.902295 -0.327793 0.647887 0.429595 0.629039 
0.708503 -0.0366078 -0.704758 -0.279837 0.902211 -0.328188 0.647854 0.429739 0.628974 
0.708697 -0.0370386 -0.704539 -0.279687 0.902049 -0.32876 0.647706 0.430042 0.62892 
0.708775 -0.0372729 -0.704449 -0.279771 0.901859 -0.329208 0.647585 0.430419 0.628787 
0.70881 -0.0373241 -0.704411 -0.279938 0.901714 -0.329466 0.647474 0.43072 0.628695 
0.708994 -0.0380171 -0.704189 -0.279773 0.901442 -0.330348 0.647345 0.431228 0.62848 
0.709055 -0.0381255 -0.704122 -0.27992 0.901274 -0.330681 0.647214 0.431568 0.628381 
0.709145 -0.0382566 -0.704023 -0.279998 0.901131 -0.331003 0.647081 0.431855 0.628321 
0.708915 -0.0377227 -0.704284 -0.279675 0.90167 -0.329809 0.647473 0.430777 0.628657 
0.784773 -0.0348153 0.618805 0.292948 0.900689 -0.320844 -0.54618 0.433067 0.717035 
0.737614 -0.0341893 0.674357 0.316842 0.899463 -0.300961 -0.596269 0.435658 0.674289 
0.737232 -0.0360099 0.674679 0.318469 0.899209 -0.300002 -0.595874 0.436036 0.674394 
0.737281 -0.0362056 0.674616 0.318724 0.899093 -0.300077 -0.595678 0.436257 0.674424 
0.737471 -0.0349479 0.674474 0.318242 0.898824 -0.301393 -0.5957 0.436915 0.673979 
0.737374 -0.0340376 0.674626 0.317997 0.898627 -0.302235 -0.59595 0.43739 0.673449 
0.737621 -0.0332744 0.674395 0.317663 0.898449 -0.303115 -0.595824 0.437814 0.673285 
0.73793 -0.0327806 0.674081 0.317175 0.898483 -0.303525 -0.595701 0.437782 0.673415 
0.738111 -0.0320989 0.673916 0.31678 0.898407 -0.304164 -0.595687 0.437989 0.673292 
0.735582 -0.0315996 0.676698 0.317689 0.898349 -0.303384 -0.598325 0.438144 0.670849 
0.699211 -0.0324013 0.714181 0.332656 0.898985 -0.284897 -0.632806 0.43678 0.639358 
0.602358 -0.0330911 0.79754 0.36695 0.898787 -0.239854 -0.708882 0.437135 0.553534 
0.528191 -0.0317015 0.848534 0.388713 0.897473 -0.208434 -0.754928 0.439929 0.48636 
0.528206 -0.0307166 0.848561 0.38816 0.89755 -0.209129 -0.755202 0.439841 0.486015 
0.528692 -0.029907 0.848287 0.387633 0.897588 -0.209945 -0.755133 0.43982 0.486141 
0.529181 -0.0290278 0.848013 0.387113 0.897602 -0.210843 -0.755057 0.43985 0.486231 
0.529799 -0.0281986 0.847654 0.386795 0.89749 -0.211897 -0.754787 0.440132 0.486396 
0.530248 -0.0275443 0.847395 0.386251 0.897578 -0.212517 -0.75475 0.439993 0.486578 
0.530713 -0.0268307 0.847127 0.385847 0.897566 -0.213299 -0.75463 0.440062 0.486703 
0.531352 -0.0261511 0.846748 0.385286 0.897628 -0.214053 -0.754467 0.439978 0.487032 
0.532083 -0.0255669 0.846306 0.38485 0.897627 -0.214843 -0.754174 0.440015 0.487451 
0.532688 -0.0247034 0.845951 0.384126 0.897739 -0.215665 -0.754116 0.439834 0.487704 
0.53347 -0.0238108 0.845484 0.383704 0.89764 -0.216824 -0.753778 0.440085 0.488001 
0.53427 -0.0228997 0.845003 0.382894 0.897759 -0.217763 -0.753623 0.439891 0.488414 
0.534926 -0.0219914 0.844612 0.382374 0.897729 -0.218798 -0.753422 0.439999 0.488627 
0.53878 -0.0208336 0.842189 0.380831 0.897741 -0.221424 -0.751455 0.44003 0.491619 
0.548156 -0.0198815 0.83614 0.3779 0.89774 -0.226397 -0.746136 0.440077 0.499614 
0.555871 -0.0192086 0.831047 0.375657 0.897632 -0.230522 -0.741546 0.440328 0.506183 
0.562703 -0.0184332 0.826454 0.373262 0.8977 -0.234118 -0.737592 0.440222 0.512018 
0.563478 -0.0178056 0.825939 0.372516 0.897835 -0.234786 -0.737376 0.439973 0.512543 
0.564229 -0.0173137 0.825438 0.372034 0.897855 -0.235471 -0.737046 0.43995 0.513037 
0.564993 -0.0168818 0.824923 0.371562 0.897883 -0.23611 -0.736698 0.439911 0.51357 
0.565738 -0.0164499 0.824421 0.371045 0.89794 -0.236704 -0.736386 0.43981 0.514103 
0.566349 -0.0162317 0.824006 0.370605 0.898035 -0.237031 -0.73614 0.439623 0.514617 
0.566974 -0.0159271 0.823582 0.370437 0.897941 -0.237653 -0.735743 0.439828 0.515009 
0.567647 -0.0156843 0.823123 0.370047 0.897988 -0.238083 -0.73542 0.439741 0.515544 
0.568029 -0.0155353 0.822862 0.369865 0.897987 -0.238367 -0.735216 0.439747 0.515829 
0.568629 -0.0152785 0.822452 0.369479 0.898039 -0.238769 -0.734947 0.43965 0.516296 
0.569212 -0.015122 0.822052 0.369257 0.898025 -0.239164 -0.734607 0.439684 0.516751 
0.569734 -0.0149414 0.821694 0.368824 0.898141 -0.239398 -0.73442 0.439453 0.517212 
0.570216 -0.0148649 0.82136 0.368831 0.898031 -0.239802 -0.734042 0.439682 0.517554 
0.570827 -0.0150206 0.820933 0.368643 0.898081 -0.2399 -0.733662 0.439573 0.518187 
0.571309 -0.0147909 0.820602 0.368174 0.898211 -0.240135 -0.733522 0.439316 0.518601 
0.571726 -0.0148179 0.820311 0.368262 0.898093 -0.240441 -0.733153 0.439556 0.51892 
0.572162 -0.0151037 0.820002 0.368182 0.898148 -0.240359 -0.732853 0.439434 0.519447 
0.572597 -0.0160412 0.81968 0.36826 0.898299 -0.239673 -0.732473 0.439091 0.520271 
0.573 -0.0173666 0.819371 0.368139 0.898688 -0.238398 -0.732219 0.438245 0.521341 
0.573211 -0.0202108 0.819159 0.368673 0.899155 -0.235796 -0.731785 0.437162 0.522857 
0.573465 -0.0221587 0.81893 0.36892 0.899523 -0.234001 -0.731462 0.436311 0.52402 
