0.986209 -0.0426083 -0.159929 0.0760064 0.974971 0.208945 0.147023 -0.218219 0.964763 
0.976182 0.0356124 -0.214015 0.0276356 0.957992 0.285465 0.21519 -0.28458 0.93419 
0.966465 -0.0221534 -0.255847 0.0838093 0.968934 0.232692 0.242744 -0.24633 0.938296 
0.952626 0.0354899 -0.302068 0.0427264 0.967707 0.248441 0.30113 -0.249577 0.920345 
0.93506 0.00920309 -0.354374 0.0840219 0.965424 0.246774 0.344392 -0.260524 0.901955 
0.938422 -0.0378698 -0.343412 0.127544 0.961738 0.242476 0.321089 -0.271344 0.907346 
0.87992 0.00373868 -0.475109 0.118645 0.966562 0.227341 0.460072 -0.256411 0.850051 
0.935066 -0.00728694 -0.354402 0.113741 0.953092 0.280502 0.335733 -0.302598 0.892031 
0.875945 -0.0159382 -0.482149 0.140732 0.964423 0.223795 0.461429 -0.263886 0.847024 
0.90385 -0.0398525 -0.425992 0.161461 0.953806 0.25335 0.396217 -0.297771 0.868532 
0.843952 -0.0411756 -0.534837 0.209281 0.943313 0.257613 0.493911 -0.329344 0.804727 
0.796804 -0.00706223 -0.604198 0.122981 0.980898 0.150719 0.591592 -0.194399 0.782451 
0.766053 -0.0403967 -0.641507 0.23075 0.948782 0.215803 0.599931 -0.313343 0.736137 
0.737353 0.0017869 -0.675506 0.182803 0.962158 0.202085 0.650303 -0.272492 0.709122 
0.684031 0.000472766 -0.729452 0.219152 0.95367 0.206125 0.695754 -0.300857 0.652236 
0.634288 -0.0166753 -0.772918 0.231463 0.958003 0.16928 0.737634 -0.286274 0.611508 
0.610518 0.00492877 -0.791988 0.224532 0.957878 0.179046 0.75951 -0.287137 0.583694 
0.620826 0.0074625 -0.783913 0.229083 0.954582 0.190511 0.749731 -0.297855 0.590919 
0.474539 0.00191377 -0.880234 0.28269 0.946695 0.154457 0.833607 -0.322128 0.4487 
0.449563 0.00899692 -0.893203 0.230923 0.964788 0.125945 0.862883 -0.262881 0.431654 
0.489787 0.00671153 -0.871816 0.265471 0.951339 0.156465 0.830442 -0.308076 0.464171 
0.467174 0.00351392 -0.884159 0.264509 0.95364 0.143552 0.843673 -0.300931 0.444586 
0.431989 0.0157078 -0.901742 0.254379 0.957131 0.138536 0.865261 -0.28923 0.409474 
0.398286 0.0208854 -0.917024 0.276695 0.950436 0.141822 0.874534 -0.310221 0.372766 
0.383901 0.0195768 -0.923168 0.283732 0.948906 0.138113 0.878702 -0.314954 0.35873 
0.45853 0.00480203 -0.888667 0.26127 0.955065 0.13997 0.849405 -0.296361 0.436671 
0.34324 0.03486 -0.938601 0.257155 0.957641 0.129607 0.90336 -0.285852 0.319736 
0.304187 0.0203907 -0.952395 0.275317 0.955225 0.108385 0.91196 -0.295179 0.284953 
0.283442 0.0250794 -0.958662 0.25912 0.960472 0.101739 0.923319 -0.277245 0.265739 
0.458496 0.000682567 -0.888696 0.260654 0.955919 0.135211 0.849611 -0.293635 0.438107 
0.29949 0.0323061 -0.953553 0.249545 0.961985 0.110968 0.920888 -0.271188 0.280043 
0.34366 0.0272077 -0.9387 0.256097 0.958979 0.121553 0.903501 -0.282172 0.322594 
0.222962 0.0103722 -0.974772 0.268825 0.960516 0.0717093 0.937029 -0.278031 0.21137 
0.122852 0.0181584 -0.99226 0.241226 0.969301 0.0476048 0.962662 -0.245208 0.1147 
0.308636 0.0169926 -0.951029 0.24599 0.964401 0.0970626 0.918822 -0.263901 0.293469 
0.0681162 0.0586005 -0.995954 0.290356 0.953897 0.0759844 0.954492 -0.294357 0.0479606 
0.0577623 0.0386808 -0.997581 0.278354 0.958999 0.0533021 0.958741 -0.28076 0.0446273 
-0.117049 0.0324587 -0.992596 0.259033 0.965869 0.00103907 0.95875 -0.256993 -0.121461 
-0.210823 0.0401402 -0.9767 0.26031 0.965384 -0.0165133 0.942228 -0.257726 -0.213974 
-0.27499 0.0383587 -0.960683 0.243109 0.969507 -0.0308778 0.930204 -0.242042 -0.27593 
-0.190973 0.0863914 -0.977787 0.34647 0.937938 0.0152009 0.918416 -0.33587 -0.209053 
-0.344436 0.0527572 -0.937327 0.329698 0.941624 -0.068154 0.879014 -0.332509 -0.341723 
-0.345406 0.00863204 -0.938414 0.322704 0.940071 -0.110132 0.881226 -0.34087 -0.327491 
-0.398031 0.0468228 -0.916177 0.227842 0.972451 -0.0492864 0.888628 -0.22836 -0.397733 
-0.446204 0.00999925 -0.894876 0.256014 0.959575 -0.116932 0.85753 -0.281276 -0.430726 
-0.51733 0.0234067 -0.855467 0.213563 0.971532 -0.102566 0.828711 -0.235756 -0.5076 
-0.526592 -0.0194728 -0.849896 0.220324 0.962453 -0.158563 0.821072 -0.270751 -0.502529 
-0.550807 -0.021829 -0.834347 0.187616 0.970837 -0.149257 0.813273 -0.238749 -0.530647 
-0.620121 0.0357586 -0.783691 0.225652 0.964875 -0.134529 0.751353 -0.260266 -0.606408 
-0.675382 0.0133981 -0.737347 0.207417 0.962927 -0.172489 0.707699 -0.269434 -0.653121 
-0.682695 -0.00819669 -0.730657 0.190352 0.963417 -0.188665 0.705473 -0.267883 -0.656161 
-0.703262 -0.0191737 -0.710674 0.164294 0.968194 -0.188701 0.691687 -0.249465 -0.677743 
-0.762226 0.0130095 -0.647182 0.191844 0.959421 -0.206661 0.61823 -0.28168 -0.73379 
-0.766259 -0.0172691 -0.642302 0.173282 0.957047 -0.232455 0.618727 -0.28942 -0.730351 
-0.847847 0.00345679 -0.530228 0.159495 0.955331 -0.248808 0.505683 -0.295519 -0.810526 
-0.813627 -0.00558164 -0.58136 0.169664 0.954148 -0.246608 0.556081 -0.299283 -0.775374 
-0.911591 -0.0367927 -0.40945 0.0913859 0.95293 -0.289089 0.400812 -0.300949 -0.86532 
-0.964871 -0.0182349 -0.262095 0.0579011 0.958303 -0.27983 0.256268 -0.285175 -0.923581 
-0.982559 0.0225539 -0.184576 0.0719187 0.961463 -0.265363 0.171478 -0.274009 -0.946316 
-0.999471 -0.00374945 -0.0323081 0.00564446 0.958265 -0.285827 0.0320315 -0.285858 -0.957737 
-0.995193 0.00984445 0.0974358 -0.0189156 0.956877 -0.289879 -0.0960878 -0.290328 -0.952091 
-0.991201 -0.0189481 0.131008 -0.054072 0.961322 -0.270066 -0.120824 -0.274774 -0.953887 
-0.985622 -0.0201423 0.167767 -0.0633137 0.96456 -0.256159 -0.156661 -0.263097 -0.951965 
-0.892546 -0.00913538 0.450865 -0.125248 0.965481 -0.228384 -0.433215 -0.260313 -0.86288 
0.990374 0.0223298 -0.136606 0.0137316 0.966186 0.257486 0.137736 -0.256883 0.956578 
-0.857393 -0.00698425 0.514616 -0.165347 0.950638 -0.262579 -0.48738 -0.310224 -0.816225 
0.999648 0.0101762 -0.0245344 -0.00326744 0.963797 0.266622 0.0263594 -0.266448 0.963489 
0.999197 0.0386166 -0.0107065 -0.0345356 0.965333 0.258727 0.0203265 -0.258149 0.965891 
0.999424 0.0339617 0.00031479 -0.0328099 0.963047 0.26733 0.00877589 -0.267186 0.963606 
0.995962 0.0121923 0.0889512 -0.036092 0.961531 0.272316 -0.0822092 -0.274427 0.958088 
0.996006 0.0259791 -0.0854375 -0.000424235 0.958113 0.286393 0.0892989 -0.285212 0.954296 
0.987018 0.00952421 0.160333 -0.0561405 0.955733 0.288829 -0.150485 -0.294081 0.94386 
0.995722 0.00525622 0.0922514 -0.0262265 0.973399 0.227616 -0.0886012 -0.229061 0.969371 
0.995177 0.0121302 0.0973463 -0.0314134 0.979478 0.199089 -0.0929339 -0.201187 0.975135 
0.956857 0.0117425 0.290323 -0.101153 0.950143 0.294953 -0.272385 -0.311594 0.910339 
0.963091 0.0190693 0.268499 -0.0920413 0.960693 0.261917 -0.252951 -0.276963 0.926989 
0.942761 0.00183731 0.333463 -0.0972173 0.958061 0.269573 -0.318983 -0.286561 0.903401 
0.908387 -0.0120642 0.417955 -0.119887 0.950101 0.287988 -0.400575 -0.311712 0.861612 
0.895158 -0.0194187 0.445326 -0.101045 0.964204 0.245157 -0.434146 -0.264452 0.861151 
0.969535 -0.010345 0.244732 -0.0499538 0.969761 0.238891 -0.239802 -0.243839 0.939701 
0.876419 -0.00646963 0.481507 -0.124218 0.963033 0.239036 -0.465252 -0.269308 0.843216 
0.845732 -0.00456999 0.533589 -0.163012 0.949948 0.266507 -0.5081 -0.312375 0.802656 
0.841886 -0.0121917 0.539517 -0.133188 0.964125 0.22962 -0.522961 -0.265171 0.810059 
0.789361 -0.0136742 0.613777 -0.164841 0.95832 0.233348 -0.591386 -0.285371 0.754206 
0.780187 0.00153783 0.625546 -0.188641 0.954023 0.232929 -0.596426 -0.299732 0.744606 
-0.812231 -0.0232484 0.582872 -0.185298 0.957736 -0.220013 -0.553122 -0.286706 -0.782211 
-0.783303 -0.0100607 0.621558 -0.200605 0.950468 -0.237422 -0.588383 -0.310661 -0.746522 
-0.793197 -0.0200667 0.608633 -0.188489 0.958466 -0.214045 -0.579059 -0.284501 -0.764036 
-0.756342 -0.00910466 0.654111 -0.202049 0.954266 -0.220344 -0.62219 -0.298818 -0.723592 
-0.740606 -0.0154415 0.671763 -0.231623 0.944329 -0.233653 -0.630756 -0.32864 -0.702951 
-0.634867 -0.0130789 0.772511 -0.248798 0.950059 -0.188384 -0.731466 -0.311798 -0.606415 
-0.62513 -0.0449658 0.779225 -0.306559 0.932258 -0.192139 -0.717798 -0.358989 -0.596566 
-0.671438 -0.0378664 0.740094 -0.297279 0.928578 -0.22219 -0.678821 -0.369199 -0.634738 
-0.596907 -0.0300417 0.801749 -0.296973 0.936595 -0.186004 -0.745325 -0.349124 -0.567981 
-0.477588 -0.0159617 0.878439 -0.338458 0.92601 -0.167186 -0.810775 -0.377159 -0.447654 
-0.451248 -0.0204849 0.892163 -0.340409 0.928096 -0.150866 -0.824922 -0.371778 -0.425775 
-0.628572 -0.0341522 0.777001 -0.314942 0.924638 -0.214138 -0.711131 -0.379311 -0.591957 
-0.355751 0.00113545 0.934581 -0.34588 0.928835 -0.132789 -0.868222 -0.370492 -0.330041 
-0.430746 -0.0166136 0.902321 -0.283268 0.951791 -0.117701 -0.856865 -0.306298 -0.414685 
-0.307382 0.00667852 0.951563 -0.240524 0.96696 -0.0844829 -0.920687 -0.254843 -0.29562 
-0.342595 -0.000573078 0.939483 -0.205276 0.975883 -0.0742609 -0.916783 -0.218295 -0.33445 
-0.30615 0.00848591 0.951946 -0.266972 0.959069 -0.0944089 -0.913782 -0.283047 -0.291353 
-0.444835 -0.00369002 0.895605 -0.132713 0.989223 -0.0618407 -0.885725 -0.146368 -0.440531 
-0.207158 0.00152102 0.978307 -0.267652 0.961758 -0.0581712 -0.940982 -0.273897 -0.198829 
-0.244269 0.00988605 0.969657 -0.246114 0.966573 -0.0718541 -0.937956 -0.256198 -0.233671 
-0.341951 0.00720041 0.939691 -0.147615 0.987144 -0.0612805 -0.928052 -0.159668 -0.336492 
0.0693903 0.0158376 0.997464 -0.230439 0.973087 0.000580425 -0.97061 -0.229895 0.0711724 
-0.0408539 0.0299865 0.998715 -0.23326 0.971644 -0.0387153 -0.971555 -0.234542 -0.0327007 
-0.136495 0.0258249 0.990304 -0.192814 0.97985 -0.0521278 -0.971695 -0.198059 -0.128765 
-0.0442721 0.00727339 0.998993 -0.240311 0.970534 -0.0177162 -0.969686 -0.240853 -0.0412197 
0.194667 -0.00417281 0.980861 -0.271248 0.960765 0.0579209 -0.942619 -0.277332 0.185897 
0.0729736 0.00471428 0.997323 -0.225846 0.97409 0.0119207 -0.971426 -0.226111 0.0721476 
0.262205 0.0016054 0.96501 -0.259068 0.963407 0.0687892 -0.929587 -0.26804 0.253026 
0.22695 0.0144868 0.973799 -0.227758 0.972952 0.0386065 -0.9469 -0.230553 0.224111 
0.379218 0.0585962 0.92345 -0.214565 0.97636 0.0261584 -0.900086 -0.20806 0.382826 
0.399331 0.0180714 0.916629 -0.226418 0.970781 0.0795003 -0.888409 -0.239288 0.391754 
0.346349 0.0134234 0.938009 -0.209531 0.975745 0.0634037 -0.914407 -0.218502 0.340761 
0.407534 -0.0342423 0.912548 -0.204037 0.97062 0.127542 -0.890105 -0.238171 0.388573 
0.413041 -0.00343142 0.910706 -0.218016 0.970544 0.102536 -0.884232 -0.2409 0.400126 
0.362506 -0.0120829 0.931903 -0.232319 0.96718 0.102911 -0.902561 -0.253804 0.347801 
0.454756 -0.0193274 0.890407 -0.217701 0.967025 0.132176 -0.863599 -0.25395 0.435552 
0.474694 -0.00989417 0.880095 -0.249871 0.95728 0.145534 -0.843937 -0.288994 0.451943 
0.487136 -0.0175792 0.873149 -0.230495 0.961759 0.147958 -0.84236 -0.273333 0.464455 
0.536874 -0.0289688 0.843165 -0.23804 0.953603 0.184332 -0.809385 -0.29967 0.505068 
0.570927 -0.0304733 0.820435 -0.211945 0.959967 0.183145 -0.793172 -0.278449 0.541613 
0.69596 -0.019103 0.717827 -0.175062 0.964971 0.195409 -0.696415 -0.261661 0.668237 
0.639273 -0.000418244 0.76898 -0.205089 0.963686 0.17102 -0.741126 -0.267038 0.615973 
0.659777 -0.0242675 0.75107 -0.172257 0.96798 0.182595 -0.731452 -0.24985 0.63447 
