# Camera parameter file. 

# The format of each camera is as follows:
# Filename (of the undistorted image in visualize folder)
# Original filename
# Focal Length (of the undistorted image)
# 2-vec Principal Point (image center)
# 3-vec Translation T (as in P = K[R T])
# 3-vec Camera Position C (as in P = K[R -RC])
# 3-vec Axis Angle format of R
# 4-vec Quaternion format of R
# 3x3 Matrix format of R
# [Normalized radial distortion] = [radial distortion] * [focal length]^2
# 3-vec Lat/Lng/Alt from EXIF

# The nubmer of cameras in this reconstruction
100

00000000.jpg
E:\zhaochen\VisualSFM_windows_64bit\gerrard-hall\2343.JPG
764.313781738
562 374.5
-0.489874094725 -1.67432904243 -7.56388473511
7.37629032135 -0.115784287453 2.41512036324
-0.203398388163 -1.18539885059 0.140094423921
0.82225962204 -0.0955992494766 -0.557149156739 0.0658457616289
0.370499581099 -0.00175861956086 -0.92883181572
0.214810624719 0.973051309586 0.0838429629803
0.903653204441 -0.230586647987 0.360892653465
0.0769107701527
0 0 0

00000001.jpg
E:\zhaochen\VisualSFM_windows_64bit\gerrard-hall\2344.JPG
764.156555176
562 374.5
-1.78411579132 -1.73627185822 -8.03807544708
8.20151329041 -0.155342340469 1.87605142593
-0.214100299522 -1.12783087706 0.123247991248
0.837947887963 -0.101202572971 -0.53311175598 0.0582578065308
0.424796313047 0.0102706067264 -0.905231058598
0.205538630486 0.972729682922 0.10748912394
0.881648421288 -0.231720805168 0.411100655794
0.0741218069958
0 0 0

00000002.jpg
E:\zhaochen\VisualSFM_windows_64bit\gerrard-hall\2345.JPG
765.480285645
562 374.5
-2.4175195694 -1.85144114494 -8.50040149689
8.90934848785 -0.206448197365 1.45260500908
-0.211557512351 -1.13239706667 0.135780811428
0.836472852354 -0.0999474204622 -0.534985330916 0.0641477662487
0.419351786375 -0.000374890281819 -0.907823979855
0.214256569743 0.971792459488 0.0985704213381
0.882178843021 -0.23584279418 0.407603085041
0.0726206086794
0 0 0

00000003.jpg
E:\zhaochen\VisualSFM_windows_64bit\gerrard-hall\2346.JPG
765.227722168
562 374.5
-4.32465171814 -2.07034754753 -8.48011112213
9.70226287842 -0.167138338089 0.860038757324
-0.2647428813 -1.01896988837 0.112367702809
0.863115903287 -0.126274599481 -0.486018788891 0.0535961027437
0.521827876568 0.030224295333 -0.852516591549
0.215262889862 0.962365806103 0.165881857276
0.825445592403 -0.270076602697 0.495682567358
0.0722176088214
0 0 0

00000004.jpg
E:\zhaochen\VisualSFM_windows_64bit\gerrard-hall\2347.JPG
767.643249512
562 374.5
-4.88591909409 -2.54026532173 -8.95080947876
10.5041904449 -0.112035989761 0.303167581558
-0.30482370008 -1.05506413691 0.125556739006
0.851118593268 -0.144770223566 -0.501082661669 0.0596307871444
0.490722000599 0.0435777567327 -0.870226562023
0.246589243412 0.950972616673 0.186673402786
0.835696518421 -0.306193113327 0.455916821957
0.0795551163408
0 0 0

00000005.jpg
E:\zhaochen\VisualSFM_windows_64bit\gerrard-hall\2342.JPG
764.054626465
562 374.5
0.36197912693 -1.63897418976 -7.2933049202
6.86133050919 -0.0358959436417 2.9884095192
-0.18263181087 -1.19999228373 0.160427676995
0.818396305717 -0.0857181468589 -0.563215763542 0.0752966480011
0.354239702225 -0.0266894325614 -0.934776425362
0.219800561666 0.973967015743 0.0554863661528
0.908958375454 -0.225119292736 0.350883334875
0.0767960709664
0 0 0

00000006.jpg
E:\zhaochen\VisualSFM_windows_64bit\gerrard-hall\2341.JPG
763.144714355
562 374.5
1.09184873104 -1.4752150774 -7.17146253586
6.46096992493 -0.031198143959 3.61292791367
-0.174902367551 -1.20297923296 0.138027875106
0.818662045756 -0.0820982835837 -0.564672346039 0.0647895839925
0.353895246983 -0.0133643923327 -0.935189425945
0.198798701167 0.978124201298 0.0612516403198
0.913913846016 -0.207591354847 0.348810732365
0.0720309515544
0 0 0

00000007.jpg
E:\zhaochen\VisualSFM_windows_64bit\gerrard-hall\2340.JPG
764.712097168
562 374.5
2.14410448074 -1.30769515038 -6.79356193542
5.93901729584 -0.000372290611267 4.14583301544
-0.162103420878 -1.25723656048 0.126239199483
0.803909648002 -0.0756811920377 -0.586965784283 0.0589372700897
0.30399659276 -0.00591609394178 -0.952655553818
0.183604866266 0.981597602367 0.0524933300912
0.934814274311 -0.190870031714 0.299488693476
0.0755115561638
0 0 0

00000008.jpg
E:\zhaochen\VisualSFM_windows_64bit\gerrard-hall\2339.JPG
765.210632324
562 374.5
2.8979074955 -1.44062626362 -6.56430625916
5.63640737534 0.00804388523102 4.66844415665
-0.180754572225 -1.2792084558 0.152940745787
0.795800878244 -0.0841375417628 -0.595445268957 0.0711907766842
0.280755728483 -0.0131088066846 -0.959691822529
0.213505923748 0.975706875324 0.0491331107914
0.935731649399 -0.218693807721 0.276733547449
0.0728439597108
0 0 0

00000009.jpg
E:\zhaochen\VisualSFM_windows_64bit\gerrard-hall\2338.JPG
763.897338867
562 374.5
3.72832608223 -1.29371321201 -6.35748958588
5.19123363495 -0.0172508955002 5.389128685
-0.171480187758 -1.28107571156 0.154814747964
0.795557503725 -0.0798133459956 -0.596260946237 0.0720566218526
0.278563201427 -0.019471205771 -0.960222244263
0.209829539061 0.976876795292 0.041063208133
0.937217235565 -0.212921217084 0.276206970215
0.0652393521034
0 0 0

00000010.jpg
E:\zhaochen\VisualSFM_windows_64bit\gerrard-hall\2348.JPG
768.5390625
562 374.5
-6.68326425552 -2.15842247009 -8.58667564392
11.0652074814 -0.112284898758 -0.777451515198
-0.259901788913 -0.990096365684 0.118468106798
0.870176482401 -0.124277095172 -0.473433833536 0.0566478293396
0.545303046703 0.0190869960934 -0.83802229166
0.216261431575 0.962694108486 0.162648126483
0.809861660004 -0.269923895597 0.520831286907
0.0794494556456
0 0 0

00000011.jpg
E:\zhaochen\VisualSFM_windows_64bit\gerrard-hall\2349.JPG
768.253051758
562 374.5
-8.20590019226 -1.81128752232 -8.10353660583
11.5410499573 -0.0513660907745 -1.75689315796
-0.244485983024 -0.939933334383 0.0948615694031
0.883312311725 -0.1174501868 -0.451540592786 0.0455711567129
0.588069796562 0.0255598910153 -0.808407306671
0.186574146152 0.968258500099 0.166335940361
0.786998152733 -0.248644843698 0.564634263515
0.0787113787584
0 0 0

00000012.jpg
E:\zhaochen\VisualSFM_windows_64bit\gerrard-hall\2350.JPG
764.642089844
562 374.5
-9.75664710999 -1.69139480591 -7.82860469818
12.2422180176 0.0029993057251 -3.07708311081
-0.241470581447 -0.931656659167 0.0892025659871
0.885474470533 -0.116090014444 -0.44790563874 0.0428852538138
0.595083832741 0.0280470903963 -0.803174972534
0.179942280054 0.969368517399 0.167172387242
0.783261060715 -0.244006589055 0.571807801723
0.0643907702281
0 0 0

00000013.jpg
E:\zhaochen\VisualSFM_windows_64bit\gerrard-hall\2351.JPG
763.414794922
562 374.5
-12.2040967941 -1.55611431599 -6.45806646347
13.1804294586 0.0254628658295 -4.39818525314
-0.238749131349 -0.817270235438 0.0937579934943
0.909678493404 -0.115758415548 -0.396256551778 0.0454589162711
0.681829333305 0.00903408229351 -0.731456458569
0.174446076155 0.969067931175 0.174579054117
0.710407793522 -0.246632710099 0.659162580967
0.0616391812258
0 0 0

00000014.jpg
E:\zhaochen\VisualSFM_windows_64bit\gerrard-hall\2352.JPG
761.693054199
562 374.5
-14.3076782227 -0.744051814079 -5.30757188797
14.2462339401 0.0146906375885 -5.52071475983
-0.248124276355 -0.727188691148 0.0503894929277
0.926797598657 -0.121019885988 -0.35467828375 0.0245769208022
0.747198760509 0.040290735662 -0.663378417492
0.13140206039 0.969501435757 0.206888109446
0.651481509209 -0.241755649447 0.71911495924
0.0573331357939
0 0 0

00000015.jpg
E:\zhaochen\VisualSFM_windows_64bit\gerrard-hall\2353.JPG
761.823486328
562 374.5
-16.3141078949 -0.271689832211 -3.64908719063
15.3180952072 0.0283858180046 -6.70039844513
-0.233264265194 -0.631590791125 0.0372972542781
0.943697906155 -0.11443492687 -0.309846199262 0.0182973099724
0.807321727276 0.0363803766668 -0.58899050951
0.105448909104 0.973141431808 0.204645350575
0.580614328384 -0.227322652936 0.781799793243
0.056407937333
0 0 0

00000016.jpg
E:\zhaochen\VisualSFM_windows_64bit\gerrard-hall\2354.JPG
759.318847656
562 374.5
-18.0731010437 -0.46135237813 -2.98807477951
16.8972263336 0.027458012104 -7.08951568604
-0.250025841912 -0.561449732575 0.0533469324126
0.95280316657 -0.123039924137 -0.276294370112 0.0262524964092
0.845944225788 0.0179635956883 -0.532968223095
0.118017442524 0.968345403671 0.219958856702
0.520048379898 -0.248972460628 0.817045867443
0.048982821117
0 0 0

00000017.jpg
E:\zhaochen\VisualSFM_windows_64bit\gerrard-hall\2355.JPG
760.236694336
562 374.5
-19.780708313 0.934490859509 -0.146084338427
18.3336315155 -0.026124574244 -7.48659181595
-0.225461525659 -0.388085872408 -0.00344057540232
0.974923987054 -0.111786898755 -0.192418267375 -0.00170588419924
0.925945520401 0.046345770359 -0.374804854393
0.0396933406591 0.975002586842 0.218624070287
0.375567883253 -0.217310845852 0.900959014893
0.0549038251494
0 0 0

00000018.jpg
E:\zhaochen\VisualSFM_windows_64bit\gerrard-hall\2356.JPG
759.373474121
562 374.5
-20.6478691101 0.256365269423 -2.52741074562
19.2761173248 -0.0278740823269 -7.82424354553
-0.211920233392 -0.504061519851 0.0169565745757
0.962823327674 -0.104643751644 -0.248899728224 0.00837295972278
0.875957906246 0.0359681472182 -0.481045275927
0.0682148709893 0.977959990501 0.197338983417
0.477540582418 -0.205674797297 0.854197144508
0.0563134303823
0 0 0

00000019.jpg
E:\zhaochen\VisualSFM_windows_64bit\gerrard-hall\2358.JPG
761.906005859
562 374.5
-22.2898368835 -0.326428115368 -2.92936730385
21.0001869202 -0.0956501960754 -8.03169441223
-0.186967879001 -0.495436602225 0.0410760923072
0.964944247367 -0.0923889817196 -0.244816828595 0.0202974883256
0.879305899143 0.00606481032446 -0.47622013092
0.0844085887074 0.982104837894 0.168362110853
0.468718230724 -0.188238754869 0.86305886507
0.0606789210976
0 0 0

00000020.jpg
E:\zhaochen\VisualSFM_windows_64bit\gerrard-hall\2357.JPG
759.614562988
562 374.5
-21.515329361 1.54006648064 2.41538619995
20.1555404663 -0.0617648363113 -8.05396461487
-0.229159320895 -0.259107859269 -0.0126679237056
0.985061088522 -0.114008525041 -0.128908153272 -0.00630238949635
0.966686546803 0.0418096147478 -0.252528071404
0.0169766601175 0.973925113678 0.226235598326
0.255401551723 -0.222985848784 0.940769731998
0.0545228903844
0 0 0

00000021.jpg
E:\zhaochen\VisualSFM_windows_64bit\gerrard-hall\2359.JPG
760.281799316
562 374.5
-23.1244850159 2.26143097878 4.18099927902
22.0194568634 -0.0883783698082 -8.5131072998
-0.223221127328 -0.178976760922 -0.0328378631628
0.989650795126 -0.111225270496 -0.0891794557459 -0.0163622514433
0.983559131622 0.0522240176797 -0.172873303294
-0.0125476429239 0.97472345829 0.223066821694
0.180152773857 -0.217229887843 0.959352195263
0.0557162553685
0 0 0

00000022.jpg
E:\zhaochen\VisualSFM_windows_64bit\gerrard-hall\2360.JPG
761.889526367
562 374.5
-23.6047401428 -0.0177877359092 -2.3114426136
22.1283855438 -0.0908286273479 -8.53541851044
-0.198612953687 -0.463889385234 0.0316783882696
0.968214486914 -0.0982520611152 -0.229481951618 0.0156710168321
0.894185245037 0.0147483823821 -0.447454273701
0.075440004468 0.980202078819 0.183065578341
0.441296726465 -0.197450697422 0.875369846821
0.0656533636558
0 0 0

00000023.jpg
E:\zhaochen\VisualSFM_windows_64bit\gerrard-hall\2364.JPG
766.564941406
562 374.5
-26.8830299377 0.824264228344 0.310934334993
25.1389770508 0.0292743444443 -9.56576633453
-0.188747395998 -0.348255646584 0.003450884023
0.980449136789 -0.093757863535 -0.172991554215 0.0017141826598
0.94014185667 0.0290775615722 -0.339539736509
0.0358002372086 0.98241341114 0.183256387711
0.338897943497 -0.184442877769 0.922566771507
0.0702588605348
0 0 0

00000024.jpg
E:\zhaochen\VisualSFM_windows_64bit\gerrard-hall\2366.JPG
764.747619629
562 374.5
-27.9319591522 1.67945575714 3.28694748878
26.4682369232 0.0335701107979 -9.65651893616
-0.233599241736 -0.225049207113 -0.0068446650308
0.986870818452 -0.116288010913 -0.112031719188 -0.00340734188982
0.974873304367 0.0327813103795 -0.220329150558
0.0193308852613 0.972931087017 0.230286031961
0.221914187074 -0.228758946061 0.947851657867
0.0651668044983
0 0 0

00000025.jpg
E:\zhaochen\VisualSFM_windows_64bit\gerrard-hall\2367.JPG
764.150695801
562 374.5
-25.5713195801 3.65827798843 13.3690862656
27.6280155182 0.0381455421448 -9.09396648407
-0.187277111873 0.172548851667 -0.0590964191006
0.991470130143 -0.0933721626626 0.0860289828479 -0.0294641475504
0.983462393284 0.0423601679504 0.176092654467
-0.0744911208749 0.980827331543 0.180081963539
-0.165088012815 -0.190220877528 0.967762351036
0.0596808623551
0 0 0

00000026.jpg
E:\zhaochen\VisualSFM_windows_64bit\gerrard-hall\2368.JPG
763.745056152
562 374.5
-28.282125473 3.92040133476 6.05724048615
27.730638504 -6.77108764648e-005 -9.10769176483
-0.358395287051 -0.0825888091916 -0.0413461305351
0.982926642881 -0.17817664286 -0.0410591246349 -0.0205552779296
0.995783388615 0.0550403483212 -0.0733911693096
-0.0257769729942 0.935661077499 0.351956933737
0.0880412608385 -0.348581343889 0.933134675026
0.0639419748582
0 0 0

00000027.jpg
E:\zhaochen\VisualSFM_windows_64bit\gerrard-hall\2369.JPG
761.802185059
562 374.5
-27.7287864685 4.23069381714 12.6383562088
29.1781902313 0.0807282924652 -9.75400733948
-0.275917630761 0.12071011772 -0.041785027599
0.988466479166 -0.13742802282 0.0601228445128 -0.0208121304556
0.991905093193 0.0246190987527 0.124579019845
-0.057669274509 0.96136111021 0.269183218479
-0.113138645887 -0.274188756943 0.954997718334
0.0584806642073
0 0 0

00000028.jpg
E:\zhaochen\VisualSFM_windows_64bit\gerrard-hall\2370.JPG
763.42767334
562 374.5
-28.2287826538 5.57255458832 14.6502761841
30.8326225281 0.0618126392365 -9.58619499207
-0.269580066564 0.194966308535 -0.0783113980979
0.985433554286 -0.134134924946 0.097009365328 -0.0389653939929
0.97814232111 0.0507706068456 0.201645717025
-0.102820619941 0.960980057716 0.256802082062
-0.180739417672 -0.271922141314 0.945194780827
0.0651669402471
0 0 0

00000029.jpg
E:\zhaochen\VisualSFM_windows_64bit\gerrard-hall\2371.JPG
764.475646973
562 374.5
-27.6863689423 5.48387050629 17.2959785461
31.731256485 0.0759258270264 -9.42766475677
-0.259696896027 0.285091585508 -0.0679443898228
0.980894285163 -0.129020440757 0.141636818079 -0.0337555637207
0.957599341869 0.0296731311828 0.286571800709
-0.102769427001 0.964429199696 0.243548482656
-0.269151180983 -0.262673169374 0.9265858531
0.0662530388024
0 0 0

00000030.jpg
E:\zhaochen\VisualSFM_windows_64bit\gerrard-hall\2372.JPG
766.002258301
562 374.5
-27.3790740967 6.48247909546 19.2823104858
32.8210144043 0.0805406570435 -9.28547000885
-0.257670309654 0.353963774321 -0.0921142918367
0.975083207285 -0.127763313766 0.175509490484 -0.0456739745687
0.934221506119 0.0442242100835 0.353943735361
-0.133919492364 0.963181197643 0.233126908541
-0.3306016922 -0.2651925385 0.905746340752
0.0690217962048
0 0 0

00000031.jpg
E:\zhaochen\VisualSFM_windows_64bit\gerrard-hall\2373.JPG
768.309570313
562 374.5
-28.5292625427 6.8143119812 18.8586616516
33.6832923889 0.0681800842285 -9.0241765976
-0.259164310259 0.339172336803 -0.101542802119
0.976032311521 -0.128545229856 0.168229128276 -0.0503651248336
0.938325405121 0.0550655312836 0.3413425982
-0.141566425562 0.961880087852 0.23398283124
-0.315445661545 -0.267874360085 0.910350799561
0.0762708371193
0 0 0

00000032.jpg
E:\zhaochen\VisualSFM_windows_64bit\gerrard-hall\2374.JPG
768.511108398
562 374.5
-28.2937335968 7.2677283287 20.4021968842
34.548210144 0.0363030433655 -8.71926021576
-0.266729433895 0.395105812955 -0.10422158482
0.970383167304 -0.13204548535 0.195598731173 -0.0515953172115
0.918158471584 0.0484786480665 0.393237352371
-0.151790261269 0.959804773331 0.236085250974
-0.365985512733 -0.276453614235 0.888610720634
0.0748106799974
0 0 0

00000033.jpg
E:\zhaochen\VisualSFM_windows_64bit\gerrard-hall\2375.JPG
769.82220459
562 374.5
-28.029214859 7.82017850876 22.0791606903
35.5184860229 0.0151934623718 -8.52761745453
-0.260071085254 0.448371394308 -0.11551659706
0.964954647842 -0.128512916527 0.221560637983 -0.0570819888762
0.895306110382 0.0532161109149 0.44226372242
-0.167110010982 0.960452735424 0.222724542022
-0.412920147181 -0.27331200242 0.868791043758
0.0768863845143
0 0 0

00000034.jpg
E:\zhaochen\VisualSFM_windows_64bit\gerrard-hall\2376.JPG
769.441223145
562 374.5
-27.770067215 7.9854593277 23.5321292877
36.3717193604 -0.00822782516479 -8.11216926575
-0.259438210586 0.499841762889 -0.113863705506
0.959019180567 -0.127942217847 0.24649747457 -0.0561520023662
0.872173607349 0.0446266047657 0.487160176039
-0.17077678442 0.9609567523 0.217715486884
-0.458423048258 -0.273080676794 0.845740795135
0.0767850533259
0 0 0

00000035.jpg
E:\zhaochen\VisualSFM_windows_64bit\gerrard-hall\2377.JPG
768.686523438
562 374.5
-28.362455368 8.58273983002 23.8305397034
37.2334022522 -0.0363292694092 -7.72405433655
-0.247518838033 0.509654008906 -0.134106870975
0.957923986596 -0.122018732997 0.251242842475 -0.0661103236123
0.865013539791 0.0653448104858 0.497476547956
-0.187969848514 0.961482286453 0.200550019741
-0.465209633112 -0.266988664865 0.843977630138
0.0776542350472
0 0 0

00000036.jpg
E:\zhaochen\VisualSFM_windows_64bit\gerrard-hall\2378.JPG
768.0859375
562 374.5
-27.6538200378 9.08366680145 25.6243648529
38.1123313904 -0.0476098060608 -7.16289329529
-0.235731671532 0.574939397039 -0.147864399389
0.949433863562 -0.115872383324 0.282607753846 -0.0726817922035
0.829702436924 0.0725204199553 0.553478658199
-0.203505799174 0.962582468987 0.178945630789
-0.519790828228 -0.261107027531 0.813413739204
0.0775051454618
0 0 0

00000037.jpg
E:\zhaochen\VisualSFM_windows_64bit\gerrard-hall\2379.JPG
766.936157227
562 374.5
-27.9436206818 8.94858264923 26.4601707458
38.9521369934 -0.0546298027039 -6.61776065826
-0.225601821903 0.60197540326 -0.144660283142
0.946214812744 -0.110771225696 0.295571873912 -0.071028667845
0.815185189247 0.0689349249005 0.575084626675
-0.199898585677 0.965369939804 0.167638659477
-0.543613314629 -0.251614838839 0.800734758377
0.0800344564945
0 0 0

00000038.jpg
E:\zhaochen\VisualSFM_windows_64bit\gerrard-hall\2380.JPG
767.854064941
562 374.5
-28.886341095 8.10125637054 26.59897995
39.6511077881 -0.051097869873 -5.94520378113
-0.188613047263 0.603938088 -0.137090117092
0.948067300307 -0.0926682697044 0.29672336265 -0.0673543221363
0.814837634563 0.0727189034224 0.575110554695
-0.182706817985 0.973752081394 0.135740533471
-0.550144314766 -0.21568249166 0.806736707687
0.0884280599695
0 0 0

00000039.jpg
E:\zhaochen\VisualSFM_windows_64bit\gerrard-hall\2381.JPG
770.379394531
562 374.5
-28.6878013611 9.53028869629 27.0112781525
40.2106628418 -0.0441808700562 -5.1505355835
-0.217853188086 0.639137058118 -0.162512314687
0.940307846971 -0.106750489927 0.313184281048 -0.0796328452405
0.791148900986 0.0828934013844 0.605980873108
-0.216624155641 0.964526355267 0.150877073407
-0.571977674961 -0.250636219978 0.781040132046
0.0896106946989
0 0 0

00000040.jpg
E:\zhaochen\VisualSFM_windows_64bit\gerrard-hall\2365.JPG
762.925170898
562 374.5
-24.2309837341 3.51063752174 13.6541824341
26.3156509399 0.0414836406708 -9.6637096405
-0.189372937476 0.170001047059 -0.0523963036609
0.991573459121 -0.0944203592294 0.0847616356734 -0.0261245238095
0.984266161919 0.0358022935688 0.17302800715
-0.0678152441978 0.980804562569 0.182820767164
-0.163161545992 -0.191678121686 0.967800974846
0.0545363953889
0 0 0

00000041.jpg
E:\zhaochen\VisualSFM_windows_64bit\gerrard-hall\2382.JPG
767.548339844
562 374.5
-27.2250843048 9.19547271729 29.2498149872
40.7752609253 -0.0406394004822 -4.32339477539
-0.210567012299 0.725122673443 -0.151853327687
0.926761904548 -0.102700478414 0.353666249327 -0.0740638774895
0.738870084286 0.0646353811026 0.670741796494
-0.209922939539 0.967933952808 0.137969866395
-0.640315830708 -0.242745697498 0.728746473789
0.0820818455726
0 0 0

00000042.jpg
E:\zhaochen\VisualSFM_windows_64bit\gerrard-hall\2383.JPG
768.802307129
562 374.5
-28.7572479248 7.93731546402 28.3427963257
41.012298584 -0.00971078872681 -3.35901451111
-0.199780314955 0.705585842695 -0.125893225977
0.931592936065 -0.0976018663348 0.344711114916 -0.0615046273054
0.75478219986 0.0473057553172 0.654267311096
-0.181883350015 0.973382890224 0.13944798708
-0.63025444746 -0.224252849817 0.743296504021
0.0892147191778
0 0 0

00000043.jpg
E:\zhaochen\VisualSFM_windows_64bit\gerrard-hall\2385.JPG
763.498168945
562 374.5
-25.8732967377 4.81308603287 32.3517379761
41.6952018738 0.0273041725159 -0.86047744751
-0.101987518192 0.877387203013 -0.083618941528
0.903203026658 -0.0493375420537 0.424445351682 -0.0404515485549
0.636420428753 0.0311895739287 0.770711898804
-0.114954270422 0.991858661175 0.0547847189009
-0.762729406357 -0.123462550342 0.634823739529
0.0671209352527
0 0 0

00000044.jpg
E:\zhaochen\VisualSFM_windows_64bit\gerrard-hall\2384.JPG
765.131958008
562 374.5
-27.756565094 7.09782838821 29.4403991699
41.0253448486 0.00910902023315 -2.11274719238
-0.16046224243 0.768870514675 -0.12204398338
0.92205856403 -0.0781356413846 0.374394560962 -0.0594282167201
0.712593853474 0.0510856322944 0.699714422226
-0.168099552393 0.980726957321 0.0995920822024
-0.681140422821 -0.188590466976 0.707447171211
0.0809438573602
0 0 0

00000045.jpg
E:\zhaochen\VisualSFM_windows_64bit\gerrard-hall\2386.JPG
763.909667969
562 374.5
-12.2231006622 -14.3162918091 38.2761764526
42.6544342041 -0.142135620117 0.0611295700073
-1.08381896845 0.74497904246 1.14127305852
0.644325594893 -0.475993204193 0.327180988523 0.501225975738
0.28345054388 -0.957377791405 -0.0555379129946
0.334433108568 0.0444060340524 0.941372156143
-0.898782253265 -0.285406261683 0.332765311003
0.0846690818033
0 0 0

00000046.jpg
E:\zhaochen\VisualSFM_windows_64bit\gerrard-hall\2388.JPG
754.391235352
562 374.5
-20.4154415131 7.65730190277 37.6544914246
43.4916915894 -0.0675940513611 1.32409095764
-0.149125369623 1.10668294534 -0.127202301497
0.846215966997 -0.0706998089997 0.524674460534 -0.0603061601315
0.442159444094 0.0278749875724 0.896503090858
-0.176253154874 0.982730031013 0.056372590363
-0.879448533058 -0.182936638594 0.439436376095
0.0660029405358
0 0 0

00000047.jpg
E:\zhaochen\VisualSFM_windows_64bit\gerrard-hall\2390.JPG
746.780761719
562 374.5
-21.0944957733 4.70766448975 38.6781272888
44.1472892761 -0.0283789634705 3.76232814789
-0.0968441458039 1.15768778689 -0.0750379355818
0.83532324175 -0.0457336901211 0.546706608471 -0.035435922995
0.399712532759 0.00919500458986 0.916594445705
-0.109206795692 0.993306040764 0.0376590713859
-0.910112500191 -0.115150585771 0.39804109931
0.0643622582654
0 0 0

00000048.jpg
E:\zhaochen\VisualSFM_windows_64bit\gerrard-hall\2389.JPG
759.343994141
562 374.5
-13.8342981339 7.49429512024 41.2348136902
44.0616607666 -0.0454745292664 2.5352897644
-0.125254041388 1.30341114629 -0.135315514428
0.791097787428 -0.0582020822459 0.605659042183 -0.062877369964
0.258446782827 0.0289831347764 0.965590536594
-0.169985458255 0.98531806469 0.0159224309027
-0.950951576233 -0.168251723051 0.259577989578
0.0686061808106
0 0 0

00000049.jpg
E:\zhaochen\VisualSFM_windows_64bit\gerrard-hall\2391.JPG
760.942565918
562 374.5
-7.67782783508 17.7500629425 40.763885498
44.8654632568 -0.101341247559 4.77357006073
-0.301387838998 1.47744675613 -0.326482352252
0.716930510773 -0.136186812219 0.667607440994 -0.147526160799
0.0650723055005 0.0296932458878 0.997438728809
-0.393370777369 0.919378817081 -0.00170598539989
-0.917073845863 -0.392251908779 0.071506306529
0.0685102189617
0 0 0

00000050.jpg
E:\zhaochen\VisualSFM_windows_64bit\gerrard-hall\2393.JPG
763.908752441
562 374.5
-3.27525949478 6.3304772377 45.2960510254
45.4174385071 0.0653252601624 6.30753517151
-0.0886624109805 1.6328698768 -0.129973618048
0.68206291726 -0.0395250805874 0.727921931689 -0.0579413267786
-0.0664560869336 0.0214966833591 0.997557461262
-0.136581838131 0.990161776543 -0.0304362792522
-0.988396763802 -0.138270646334 -0.062866397202
0.0630029029976
0 0 0

00000051.jpg
E:\zhaochen\VisualSFM_windows_64bit\gerrard-hall\2387.JPG
770.982543945
562 374.5
-7.69622468948 -34.2533683777 24.4657382965
42.791103363 -0.0903215408325 0.112434387207
-0.616643619801 0.353775693951 1.37483682093
0.715201922617 -0.278454919249 0.159752860693 0.620828730985
0.178101882339 -0.977003514767 -0.117234624922
0.7990680933 0.0740692391992 0.59666121006
-0.574256837368 -0.199944764376 0.793884038925
0.0824886277817
0 0 0

00000052.jpg
E:\zhaochen\VisualSFM_windows_64bit\gerrard-hall\2392.JPG
764.014465332
562 374.5
-28.4540367126 13.4299964905 32.4989242554
44.9646072388 -0.0587711334229 4.93531417847
-0.286070526066 0.978098125232 -0.223196471675
0.867015598202 -0.136636708396 0.467171889944 -0.106605988511
0.540770828724 0.0571925267577 0.839223086834
-0.312523692846 0.939931750298 0.137325778604
-0.780958175659 -0.336538851261 0.52616161108
0.0581795422619
0 0 0

00000053.jpg
E:\zhaochen\VisualSFM_windows_64bit\gerrard-hall\2394.JPG
762.162536621
562 374.5
-6.95021295547 9.51417064667 44.735168457
45.5858306885 0.0391597747803 7.8733382225
-0.140589277328 1.58206679938 -0.184043817916
0.697090625173 -0.0630422632679 0.709421611444 -0.0825279071233
-0.0201806519181 0.0256115030497 0.999467670918
-0.204506218433 0.978429496288 -0.0292016956955
-0.978656947613 -0.204986378551 -0.0145074855536
0.0819501548128
0 0 0

00000054.jpg
E:\zhaochen\VisualSFM_windows_64bit\gerrard-hall\2396.JPG
763.39630127
562 374.5
-0.600140750408 9.27809906006 45.0422782898
44.8977661133 0.0788927078247 9.97167205811
-0.136044233932 1.76800332681 -0.191165296122
0.628049533495 -0.0593584225909 0.771410044962 -0.0834086833668
-0.204060658813 0.0131901437417 0.978869557381
-0.19634899497 0.979038953781 -0.0541244186461
-0.959065318108 -0.203244537115 -0.197193428874
0.0842476796123
0 0 0

00000055.jpg
E:\zhaochen\VisualSFM_windows_64bit\gerrard-hall\2395.JPG
761.972167969
562 374.5
-3.71655678749 8.58042526245 45.2587509155
45.3591003418 0.0537910461426 8.85111427307
-0.128849396442 1.67619882034 -0.168306485211
0.663900328917 -0.0570308135094 0.741912534849 -0.0744951550848
-0.111967667937 0.0142911141738 0.993608415127
-0.18353831768 0.982396125793 -0.0348123982549
-0.976615488529 -0.186263501644 -0.107373870909
0.082436970616
0 0 0

00000056.jpg
E:\zhaochen\VisualSFM_windows_64bit\gerrard-hall\2397.JPG
766.957092285
562 374.5
2.22815084457 8.27375602722 45.6834411621
45.0139389038 0.106083869934 11.5815200806
-0.0999870432166 1.86207399311 -0.189999067463
0.592042481725 -0.0429896314564 0.800602479413 -0.081690483332
-0.295275628567 0.027893377468 0.955004990101
-0.165563568473 0.98295801878 -0.0799000039697
-0.940957725048 -0.181706756353 -0.285625189543
0.0949192154294
0 0 0

00000057.jpg
E:\zhaochen\VisualSFM_windows_64bit\gerrard-hall\2398.JPG
766.998352051
562 374.5
5.13224983215 9.79165744781 45.3455848694
44.946975708 0.130188941956 12.5773763657
-0.125351261823 1.94298731281 -0.224445427276
0.557055596385 -0.0531149704404 0.823300158171 -0.0951040465158
-0.373735934496 0.0184971448034 0.927351117134
-0.193415820599 0.976268410683 -0.0974222272635
-0.907144725323 -0.215774193406 -0.36128872633
0.102953324217
0 0 0

00000058.jpg
E:\zhaochen\VisualSFM_windows_64bit\gerrard-hall\2362.JPG
766.331481934
562 374.5
-25.2043323517 0.103164806962 -2.45011854172
23.5475234985 -0.00961115956306 -9.31589317322
-0.197037750006 -0.47165498338 0.0239951929997
0.96744590321 -0.0974474723454 -0.233262844039 0.0118671214333
0.890895068645 0.0225001163781 -0.453650921583
0.0684233084321 0.980726182461 0.183014050126
0.449025809765 -0.194086581469 0.872185051441
0.0724579714368
0 0 0

00000059.jpg
E:\zhaochen\VisualSFM_windows_64bit\gerrard-hall\2363.JPG
763.14642334
562 374.5
-24.2172660828 3.23710584641 10.8614463806
24.9827156067 0.0281918048859 -9.52836894989
-0.211379721306 0.0677454163119 -0.044566784867
0.993599915117 -0.105464289609 0.0338004145405 -0.0222358335848
0.996726751328 0.0370575934649 0.0718583390117
-0.0513164959848 0.976765990257 0.208075493574
-0.0624780170619 -0.21108174324 0.975470423698
0.0564006681619
0 0 0

00000060.jpg
E:\zhaochen\VisualSFM_windows_64bit\gerrard-hall\2399.JPG
766.958435059
562 374.5
5.74390077591 7.75091600418 45.4720115662
44.4087142944 0.134556770325 13.7339382172
-0.0843012467053 1.98618034394 -0.193123255853
0.541426602376 -0.0354854859808 0.836056138014 -0.0812926600256
-0.411196410656 0.0286922380328 0.911095738411
-0.14736379683 0.98426502943 -0.0975048393011
-0.899556398392 -0.174355983734 -0.400497555733
0.0978018276824
0 0 0

00000061.jpg
E:\zhaochen\VisualSFM_windows_64bit\gerrard-hall\2361.JPG
761.539978027
562 374.5
-23.2966690063 2.96764349937 8.81115531921
23.3178882599 -0.024912238121 -9.24412822723
-0.217665236774 -0.00452685885084 -0.0414323700229
0.993866985861 -0.108610036622 -0.00225880031584 -0.020673816785
0.999135196209 0.0415846705437 8.48238641993e-007
-0.0406034253538 0.975553393364 0.215981304646
0.00898063648492 -0.215794414282 0.976397752762
0.0567783200708
0 0 0

00000062.jpg
E:\zhaochen\VisualSFM_windows_64bit\gerrard-hall\2337.JPG
765.191101074
562 374.5
5.85161781311 -1.26202178001 -5.69923639297
4.70191860199 -0.0546107292175 6.79738521576
-0.191227489795 -1.38308159512 0.17949900291
0.76234682794 -0.0879121079093 -0.635837549132 0.0825202261992
0.177802309394 -0.0140223931521 -0.983966648579
0.237613737583 0.970923900604 0.0291001722217
0.954948306084 -0.238977894187 0.175964534283
0.0635615881559
0 0 0

00000063.jpg
E:\zhaochen\VisualSFM_windows_64bit\gerrard-hall\2400.JPG
763.298461914
562 374.5
1.05004322529 6.4176568985 46.0771408081
44.014339447 0.154928207397 15.1031913757
-0.0654764830397 1.91791772045 -0.15781234598
0.571259893993 -0.0279100143012 0.81753186062 -0.0672691114235
-0.345766246319 0.0312216840684 0.937801301479
-0.122490897775 0.989391624928 -0.0781015530229
-0.930291354656 -0.141877040267 -0.338273912668
0.0687335688533
0 0 0

00000064.jpg
E:\zhaochen\VisualSFM_windows_64bit\gerrard-hall\2401.JPG
763.867736816
562 374.5
5.13977241516 5.00200414658 45.9323387146
43.5563468933 0.162189483643 16.2491397858
-0.0448776506454 2.03450218043 -0.133821078487
0.523624678495 -0.0187474793565 0.849906068607 -0.0559032808161
-0.450931400061 0.0266775153577 0.892159700394
-0.0904118344188 0.993046581745 -0.075391843915
-0.887967467308 -0.114658415318 -0.445383965969
0.0769269242859
0 0 0

00000065.jpg
E:\zhaochen\VisualSFM_windows_64bit\gerrard-hall\2336.JPG
762.857299805
562 374.5
7.33406496048 -1.419921875 -5.60036659241
4.62806797028 0.0428767204285 8.10851478577
-0.20196469031 -1.41285669 0.187532739225
0.751975108729 -0.0924867566394 -0.64699692136 0.0858778571043
0.148040235043 -0.0094786407426 -0.988936305046
0.248833402991 0.968143343925 0.0279701501131
0.957166016102 -0.250220805407 0.145682677627
0.0534174837164
0 0 0

00000066.jpg
E:\zhaochen\VisualSFM_windows_64bit\gerrard-hall\2331.JPG
763.287963867
562 374.5
15.0313243866 -0.502032399178 -2.16405820847
5.01730251312 -0.153707444668 14.341506958
-0.180482435483 -1.75237516449 0.202778628476
0.632019829853 -0.078873806998 -0.765816907017 0.0886176118078
-0.188660264015 0.00879000686109 -0.982002794743
0.232822358608 0.971851944923 -0.0360302552581
0.954043090343 -0.235429495573 -0.185395419598
0.0630469917029
0 0 0

00000067.jpg
E:\zhaochen\VisualSFM_windows_64bit\gerrard-hall\2332.JPG
764.405700684
562 374.5
13.4888019562 -0.637989640236 -3.16735124588
4.88145542145 -0.0956223607063 12.9826469421
-0.161192840119 -1.68884547137 0.175460380652
0.657888126273 -0.0711766893856 -0.745730576168 0.0774766981212
-0.124234318733 0.00421530660242 -0.99224370718
0.20809930563 0.977862358093 -0.0219008494169
0.97018545866 -0.209206044674 -0.122360892594
0.0635975958909
0 0 0

00000068.jpg
E:\zhaochen\VisualSFM_windows_64bit\gerrard-hall\2333.JPG
764.367248535
562 374.5
12.1979970932 -0.46050453186 -3.46598005295
4.61511993408 -0.0631004571915 11.8200130463
-0.144202949189 -1.65625594249 0.186410119334
0.670087040485 -0.0639827452656 -0.734879575341 0.0827100364269
-0.0937796980143 -0.0168064199388 -0.99545031786
0.204885274172 0.978131115437 -0.0358158797026
0.974282801151 -0.207311913371 -0.0882848501205
0.0579004949044
0 0 0

00000069.jpg
E:\zhaochen\VisualSFM_windows_64bit\gerrard-hall\2334.JPG
767.73046875
562 374.5
10.5058994293 -0.947601914406 -5.04168558121
4.41670513153 -0.00303399562836 10.8251152039
-0.156428711283 -1.49774207568 0.157435044485
0.726866509814 -0.0709544905269 -0.679360745537 0.0714109531483
0.0667384937406 -0.0074050067924 -0.997742712498
0.200219914317 0.979732573032 0.00612132390961
0.977475583553 -0.20017644763 0.0668686255813
0.0618326030201
0 0 0

00000070.jpg
E:\zhaochen\VisualSFM_windows_64bit\gerrard-hall\2335.JPG
767.195373535
562 374.5
9.18973445892 -1.03941583633 -5.45317316055
4.3708562851 0.0344955921173 9.80629348755
-0.164095548551 -1.43796093275 0.179227493393
0.745725193666 -0.0749679136071 -0.656940007993 0.0818810221201
0.123452156782 -0.0236226599663 -0.992070794106
0.220620304346 0.975351572037 0.00422917539254
0.967516064644 -0.219392672181 0.125620529056
0.0615978980149
0 0 0

00000071.jpg
E:\zhaochen\VisualSFM_windows_64bit\gerrard-hall\2402.JPG
763.041503906
562 374.5
7.58002138138 7.51768732071 45.0917625427
42.9833106995 0.161672115326 17.3103141785
-0.0831554186334 2.11032550744 -0.192322451128
0.488565804537 -0.0342128918796 0.868257770852 -0.0791278227516
-0.520265936852 0.0179073680192 0.853816628456
-0.136729225516 0.985136449337 -0.103976376355
-0.842987596989 -0.170837372541 -0.510084331036
0.0816684412229
0 0 0

00000072.jpg
E:\zhaochen\VisualSFM_windows_64bit\gerrard-hall\2403.JPG
767.211242676
562 374.5
8.85263729095 8.16914749146 44.2869224548
42.0154418945 0.190161705017 18.4689559937
-0.0932753490867 2.17010365962 -0.213458976365
0.461345395145 -0.0379166713829 0.882152767415 -0.0867716276574
-0.571445286274 0.0131673393771 0.820534408092
-0.146959424019 0.98206615448 -0.118106693029
-0.807374060154 -0.188077419996 -0.559262573719
0.0851662140257
0 0 0

00000073.jpg
E:\zhaochen\VisualSFM_windows_64bit\gerrard-hall\2404.JPG
766.252502441
562 374.5
8.12255954742 7.91935062408 43.6508140564
40.7389373779 0.126300811768 19.3496589661
-0.0735838492573 2.1848782546 -0.221956169034
0.454774059171 -0.0298241570995 0.885549654799 -0.0899607144948
-0.584581971169 0.029001571238 0.810815751553
-0.134645625949 0.982034623623 -0.132202729583
-0.800084292889 -0.186455741525 -0.570174872875
0.0726773058507
0 0 0

00000074.jpg
E:\zhaochen\VisualSFM_windows_64bit\gerrard-hall\2405.JPG
771.355163574
562 374.5
13.6846065521 7.66448497772 41.3584442139
39.4787826538 0.14147567749 19.9484138489
-0.0570593027737 2.3405070391 -0.248527850411
0.383531828814 -0.0223822606741 0.918094615814 -0.0974883123746
-0.704804122448 0.0336813405156 0.708600699902
-0.115878142416 0.979989588261 -0.161838114262
-0.699873328209 -0.196175351739 -0.686798810959
0.068247040733
0 0 0

00000075.jpg
E:\zhaochen\VisualSFM_windows_64bit\gerrard-hall\2430.JPG
755.83013916
562 374.5
21.2010593414 0.658608436584 2.98577547073
9.22310733795 -0.389400184155 19.3291282654
-0.124386569289 -2.15289435825 0.195561440929
0.468973932819 -0.0507356580342 -0.878137507676 0.0797669591528
-0.554978311062 0.0142886908725 -0.83174097538
0.163923189044 0.982125163078 -0.0925054550171
0.815553426743 -0.187680259347 -0.547400653362
0.0675395338258
0 0 0

00000076.jpg
E:\zhaochen\VisualSFM_windows_64bit\gerrard-hall\2429.JPG
754.715698242
562 374.5
22.4771308899 0.683315455914 4.370429039
10.0154781342 -0.398617506027 20.5990257263
-0.108761226779 -2.21345910018 0.166768015458
0.443587929048 -0.0438603857198 -0.892626653667 0.0672529144834
-0.602611899376 0.0186368301511 -0.797816216946
0.137967154384 0.987106740475 -0.0811515375972
0.786017417908 -0.158975288272 -0.59741383791
0.0636551850213
0 0 0

00000077.jpg
E:\zhaochen\VisualSFM_windows_64bit\gerrard-hall\2428.JPG
755.426513672
562 374.5
23.3019218445 1.02001416683 7.18511676788
11.0807418823 -0.405106186867 21.7416362762
-0.123683939319 -2.33852004038 0.196723356592
0.385525084617 -0.0485621064377 -0.918174661421 0.0772396208773
-0.698024690151 0.0296216253191 -0.715460598469
0.148732870817 0.983352184296 -0.104395158589
0.700456857681 -0.179282799363 -0.690809130669
0.0655237269746
0 0 0

00000078.jpg
E:\zhaochen\VisualSFM_windows_64bit\gerrard-hall\2427.JPG
755.980285645
562 374.5
23.9395389557 1.56211996078 9.41652488708
11.7849788666 -0.397889137268 22.9165706635
-0.130567043662 -2.41755597543 0.231312710226
0.347350682761 -0.0503421453256 -0.932126138688 0.0891861969705
-0.753626704216 0.0318929478526 -0.656529188156
0.155808493495 0.979023396969 -0.131292760372
0.638569414616 -0.201238274574 -0.742786705494
0.0668127919882
0 0 0

00000079.jpg
E:\zhaochen\VisualSFM_windows_64bit\gerrard-hall\2426.JPG
753.602416992
562 374.5
24.1432723999 2.87103486061 12.2870674133
12.7563447952 -0.429472446442 24.06665802
-0.0801094272443 -2.52908869913 0.251169945386
0.2949460506 -0.0301029716152 -0.950363620624 0.0943829209198
-0.824201464653 0.00154200545512 -0.566294670105
0.112893484533 0.980371952057 -0.161638513207
0.554929316044 -0.197153523564 -0.808197796345
0.0580184133758
0 0 0

00000080.jpg
E:\zhaochen\VisualSFM_windows_64bit\gerrard-hall\2425.JPG
753.509643555
562 374.5
24.757270813 2.51865124702 13.6250629425
13.815662384 -0.343161582947 24.7773666382
-0.0809993302941 -2.58178843734 0.227616657268
0.270836750645 -0.0300693981901 -0.958437857241 0.0844981789015
-0.851486206055 0.0118690226227 -0.524241805077
0.103409871459 0.983911931515 -0.145685166121
0.514078974724 -0.178260758519 -0.839015543461
0.0636137946917
0 0 0

00000081.jpg
E:\zhaochen\VisualSFM_windows_64bit\gerrard-hall\2424.JPG
755.449584961
562 374.5
25.0608787537 3.8485159874 15.231554985
15.285326004 -0.354134321213 25.3197822571
-0.0678165252521 -2.65905055875 0.296608982187
0.23049910394 -0.0246562973713 -0.96676055074 0.107839191711
-0.89252436161 -0.00203999713995 -0.450992703438
0.0973873510957 0.975525796413 -0.197143957019
0.44035705924 -0.219876974821 -0.870482087135
0.0669250587538
0 0 0

00000082.jpg
E:\zhaochen\VisualSFM_windows_64bit\gerrard-hall\2423.JPG
754.353210449
562 374.5
25.0684299469 3.4559237957 17.49467659
16.6845817566 -0.324346780777 25.8447971344
-0.0568225139743 -2.75229650792 0.253614043216
0.187415223029 -0.020189910426 -0.977933147872 0.0901129580017
-0.928935587406 0.00571089284495 -0.370197743177
0.0732650533319 0.982944190502 -0.168680146337
0.362920492887 -0.183815732598 -0.913510739803
0.0667401069126
0 0 0

00000083.jpg
E:\zhaochen\VisualSFM_windows_64bit\gerrard-hall\2406.JPG
775.997070313
562 374.5
13.3320226669 6.83447885513 40.7703208923
38.2361755371 0.131213665009 20.6070213318
-0.0376521499526 2.36509011286 -0.236778179139
0.372954571874 -0.0146960226498 0.923119075835 -0.092416966574
-0.721378445625 0.0418024212122 0.69127959013
-0.0960668995976 0.982486486435 -0.159661903977
-0.685846328735 -0.18158569932 -0.704727590084
0.0708710387251
0 0 0
