0.965931 -0.0414377 -0.25547 -0.0116257 0.979157 -0.202778 0.258547 0.198839 0.945314 
0.966269 -0.0404468 -0.254345 -0.011744 0.979645 -0.200402 0.257273 0.19663 0.946124 
0.966115 -0.0409203 -0.254857 -0.0117038 0.979395 -0.201621 0.257856 0.197771 0.945728 
0.965699 -0.0422422 -0.256213 -0.0112508 0.978948 -0.203806 0.259428 0.199698 0.944892 
0.965323 -0.0433817 -0.257436 -0.0105387 0.978819 -0.204463 0.260853 0.200085 0.944417 
0.964848 -0.0446688 -0.258989 -0.00953694 0.978851 -0.204355 0.26264 0.199642 0.944016 
0.964306 -0.0464374 -0.26069 -0.00791746 0.979006 -0.20368 0.264675 0.198474 0.943694 
0.963654 -0.0487554 -0.262673 -0.00585107 0.979119 -0.203203 0.267095 0.197354 0.943246 
0.963015 -0.0524176 -0.264303 -0.00247646 0.979133 -0.203208 0.26944 0.196347 0.942789 
0.96254 -0.0533599 -0.265842 -0.00154818 0.979348 -0.202181 0.27114 0.195018 0.942578 
0.962314 -0.0522947 -0.266866 -0.00221989 0.979793 -0.200004 0.271933 0.193059 0.942753 
0.962111 -0.0502786 -0.267984 -0.00408658 0.980083 -0.198552 0.27263 0.192125 0.942743 
0.961965 -0.0476394 -0.268982 -0.0065222 0.980391 -0.196962 0.273091 0.191225 0.942792 
0.961759 -0.0446778 -0.270233 -0.00957607 0.980519 -0.196191 0.273734 0.191277 0.942595 
0.961633 -0.0413099 -0.271213 -0.0132042 0.980483 -0.196161 0.274023 0.192215 0.942319 
0.961658 -0.0392489 -0.27143 -0.0158656 0.980087 -0.197931 0.273794 0.194649 0.941887 
0.961358 -0.0393018 -0.272481 -0.0165363 0.979727 -0.199655 0.274804 0.196446 0.941219 
0.960936 -0.0399614 -0.273873 -0.0164582 0.979522 -0.200671 0.276284 0.197339 0.940599 
0.960414 -0.0405679 -0.27561 -0.0163033 0.97946 -0.200981 0.278102 0.197519 0.940025 
0.959981 -0.0416502 -0.276951 -0.0158486 0.979217 -0.202198 0.279617 0.198495 0.939369 
0.959605 -0.0417674 -0.278236 -0.0160242 0.979203 -0.202259 0.280897 0.198547 0.938977 
0.96364 -0.0423719 -0.263824 -0.0123344 0.979242 -0.202326 0.26692 0.198223 0.943113 
0.962905 -0.0438561 -0.266252 -0.0112206 0.979344 -0.201894 0.269606 0.197392 0.942523 
0.962009 -0.0459906 -0.269116 -0.00945578 0.979506 -0.201195 0.272853 0.196096 0.941859 
0.969121 -0.0488837 -0.241697 -0.000824011 0.979507 -0.201411 0.246589 0.195391 0.94922 
0.983325 -0.05108 -0.174541 0.0152231 0.979496 -0.20089 0.181223 0.194882 0.96394 
0.991453 -0.0518978 -0.119704 0.0270541 0.979318 -0.200509 0.127634 0.195557 0.972352 
0.99567 -0.0527417 -0.0765644 0.0365006 0.979152 -0.199826 0.0855074 0.196166 0.976836 
0.997838 -0.0535579 -0.0381167 0.0449551 0.979017 -0.198761 0.0479622 0.196617 0.979307 
0.998524 -0.0543214 -1.25863e-005 0.0532495 0.978867 -0.197446 0.0107378 0.197154 0.980314 
0.997765 -0.0547927 0.0382466 0.0612756 0.97856 -0.196641 -0.0266519 0.198545 0.97973 
0.995466 -0.0558856 0.0769697 0.0699926 0.978323 -0.194895 -0.0644094 0.199399 0.9778 
0.991749 -0.0563699 0.11514 0.0780369 0.978023 -0.193346 -0.101711 0.200736 0.974352 
0.987676 -0.0568114 0.145839 0.0845266 0.977841 -0.191529 -0.131726 0.201496 0.970591 
0.983454 -0.0577594 0.171703 0.0904965 0.977714 -0.189438 -0.156934 0.201842 0.966763 
0.979136 -0.0582151 0.194687 0.0955014 0.977513 -0.188009 -0.179364 0.202679 0.962678 
0.974442 -0.0587211 0.216824 0.100209 0.977498 -0.185624 -0.201045 0.202608 0.9584 
0.971452 -0.059165 0.229738 0.102984 0.97757 -0.183714 -0.213716 0.202129 0.955756 
0.966176 -0.0607664 0.250623 0.108259 0.977634 -0.180309 -0.234061 0.201343 0.951145 
0.957422 -0.0605491 0.282273 0.114179 0.977455 -0.177608 -0.265155 0.202275 0.94275 
0.949541 -0.0611802 0.307618 0.119285 0.977532 -0.173789 -0.290073 0.201714 0.935504 
0.945837 -0.0609228 0.318874 0.120591 0.977888 -0.170863 -0.301414 0.200062 0.932269 
0.922981 -0.0628586 0.379679 0.134172 0.977231 -0.164377 -0.360701 0.202659 0.910399 
0.912382 -0.0631568 0.404438 0.139435 0.976889 -0.162005 -0.38486 0.204204 0.900102 
0.900288 -0.0645443 0.430483 0.145889 0.97649 -0.158693 -0.41012 0.205672 0.888538 
0.887518 -0.0634965 0.456376 0.150206 0.976224 -0.156283 -0.435601 0.207255 0.875955 
0.870399 -0.0625725 0.488354 0.155669 0.975982 -0.152399 -0.467089 0.20867 0.859236 
0.869441 -0.0614355 0.490201 0.154969 0.976073 -0.152532 -0.469101 0.208584 0.858159 
0.868131 -0.0640341 0.492188 0.157664 0.97586 -0.151131 -0.470628 0.208801 0.85727 
0.865018 -0.0630351 0.497766 0.157552 0.976022 -0.150195 -0.476363 0.208345 0.854208 
0.866546 -0.0630963 0.495093 0.157738 0.975754 -0.15173 -0.473515 0.209576 0.855489 
0.966292 -0.0439573 -0.253669 -0.00794044 0.979759 -0.200026 0.257327 0.195297 0.946383 
