0.995501 -0.0352307 -0.0879891 -0.00598007 0.903155 -0.42928 0.0945914 0.427874 0.898878 
0.996531 -0.0416222 0.0720999 0.0684901 0.902223 -0.425795 -0.0473275 0.429256 0.901943 
0.996375 -0.0442039 0.072686 0.0711195 0.901662 -0.426556 -0.0466827 0.430179 0.901536 
0.996289 -0.0460429 0.0727346 0.0728213 0.901372 -0.426885 -0.0459058 0.430597 0.901378 
0.999006 -0.0446153 -1.69345e-005 0.0402675 0.901818 -0.43024 0.0192104 0.429811 0.902716 
0.997991 -0.0431375 -0.04644 0.0189692 0.902367 -0.430553 0.0604787 0.428807 0.901372 
0.997672 -0.0413326 -0.0542767 0.0139434 0.902323 -0.430837 0.0667826 0.429077 0.900797 
0.995421 -0.0391555 -0.087186 -0.00214129 0.902864 -0.429926 0.0955511 0.428144 0.898646 
0.998971 -0.0448036 -0.00703778 0.0374374 0.90222 -0.42965 0.0255993 0.428944 0.902969 
0.995601 -0.0308386 -0.0884724 -0.0103443 0.902329 -0.430929 0.0931205 0.429949 0.89804 
0.995582 -0.0301832 -0.0889191 -0.0110305 0.902787 -0.42995 0.0932522 0.429031 0.898464 
0.996689 -0.0393928 0.0711384 0.0660126 0.90281 -0.424945 -0.0474847 0.428233 0.90242 
0.996829 -0.0374903 0.0701904 0.0638778 0.902999 -0.424869 -0.0474531 0.428005 0.902531 
0.996985 -0.0354402 0.0690265 0.0615029 0.903327 -0.424522 -0.0473084 0.427488 0.902783 
0.996854 -0.0393927 0.0687698 0.064935 0.903446 -0.423757 -0.0454364 0.42689 0.903162 
0.996671 -0.0433354 0.0690691 0.0685835 0.903685 -0.422673 -0.0441 0.426002 0.903647 
0.992471 -0.0469623 0.113114 0.0904847 0.903567 -0.418782 -0.082539 0.425864 0.901015 
0.994351 -0.0468156 0.0952685 0.0828234 0.903524 -0.420459 -0.0663932 0.425973 0.902296 
0.984181 -0.0495855 0.170088 0.116807 0.903435 -0.412507 -0.133209 0.425849 0.894935 
0.928367 -0.0461177 0.368792 0.198094 0.900981 -0.385997 -0.314473 0.431402 0.845576 
0.928664 -0.0448145 0.368208 0.196661 0.901156 -0.386321 -0.3145 0.431174 0.845682 
0.928926 -0.04337 0.367718 0.195208 0.901251 -0.386835 -0.314629 0.431122 0.845662 
0.928202 -0.0491469 0.368818 0.200584 0.900963 -0.38475 -0.313382 0.431104 0.846133 
0.92918 -0.0419902 0.367233 0.193916 0.901198 -0.387606 -0.314674 0.431368 0.845519 
0.929218 -0.0406154 0.367294 0.192899 0.901086 -0.388375 -0.31519 0.431735 0.84514 
0.929153 -0.0396781 0.36756 0.19229 0.901023 -0.388823 -0.315752 0.431954 0.844817 
0.929226 -0.0386986 0.367481 0.191466 0.901007 -0.389265 -0.31604 0.432075 0.844648 
0.928236 -0.0381061 0.370036 0.192075 0.900976 -0.389037 -0.318569 0.432193 0.843637 
0.921713 -0.0369571 0.386108 0.197948 0.900877 -0.386312 -0.333559 0.432498 0.837666 
0.912875 -0.0362023 0.406631 0.206123 0.900647 -0.382555 -0.352382 0.433041 0.829641 
0.9074 -0.0353722 0.418776 0.210745 0.900412 -0.380586 -0.363609 0.433599 0.824488 
0.907392 -0.0342176 0.41889 0.209928 0.900344 -0.381198 -0.364101 0.433832 0.824148 
0.907562 -0.0332442 0.418601 0.209057 0.900311 -0.381754 -0.36418 0.433976 0.824038 
0.907941 -0.0315157 0.417912 0.207349 0.900355 -0.382582 -0.364211 0.434015 0.824004 
0.908499 -0.030472 0.416775 0.205752 0.900691 -0.382653 -0.363724 0.433392 0.824546 
0.909072 -0.0298213 0.415572 0.204297 0.9012 -0.382233 -0.363115 0.432377 0.825347 
0.909706 -0.0293605 0.414213 0.203156 0.901438 -0.382279 -0.362164 0.431911 0.826009 
0.909985 -0.0291549 0.413617 0.2026 0.901604 -0.382183 -0.361776 0.431579 0.826352 
0.995462 -0.0302465 -0.0902229 -0.0114079 0.903368 -0.428715 0.0944717 0.427799 0.898924 
0.995405 -0.0306936 -0.0906963 -0.0111524 0.903614 -0.428202 0.0950976 0.427246 0.899121 
0.995365 -0.0308555 -0.09108 -0.011131 0.903793 -0.427825 0.0955183 0.426857 0.899261 
0.910404 -0.029132 0.412694 0.202057 0.901768 -0.382084 -0.361023 0.431239 0.82686 
0.995226 -0.03035 -0.092751 -0.0122312 0.904126 -0.42709 0.0968209 0.426186 0.89944 
0.910716 -0.0293869 0.411987 0.201821 0.901941 -0.381799 -0.360368 0.430858 0.827344 
0.905242 -0.0302442 0.423822 0.207537 0.901858 -0.378921 -0.370766 0.430973 0.822675 
0.982336 -0.0291959 -0.184834 -0.0523768 0.905371 -0.421377 0.179646 0.423615 0.887851 
0.971308 -0.0255739 -0.236446 -0.078117 0.904732 -0.418757 0.224629 0.425212 0.876777 
0.967479 -0.0238765 -0.251824 -0.0861209 0.904969 -0.416671 0.237841 0.424808 0.873482 
0.967354 -0.0232852 -0.252357 -0.08673 0.905227 -0.415985 0.238127 0.424291 0.873655 
0.967288 -0.0229139 -0.252644 -0.0870308 0.905495 -0.415336 0.238285 0.423737 0.87388 
0.967358 -0.0227212 -0.252394 -0.0870006 0.905661 -0.41498 0.238012 0.423393 0.874122 
0.967481 -0.0231574 -0.251881 -0.0865091 0.905457 -0.415528 0.23769 0.423806 0.874009 
0.967609 -0.023585 -0.251349 -0.0861706 0.904977 -0.416644 0.237292 0.424808 0.873631 
0.967767 -0.0240521 -0.250693 -0.0858073 0.904378 -0.418016 0.236776 0.426054 0.873164 
0.968005 -0.0245764 -0.249729 -0.0851247 0.90402 -0.418929 0.236055 0.426783 0.873003 
0.968246 -0.0259669 -0.248645 -0.0837561 0.903418 -0.420502 0.235549 0.427974 0.872556 
0.968483 -0.0276351 -0.247543 -0.0820121 0.90303 -0.421675 0.235192 0.428686 0.872303 
0.968649 -0.0296621 -0.246655 -0.080136 0.90247 -0.423234 0.235153 0.429731 0.8718 
0.968707 -0.0316253 -0.246184 -0.0785159 0.901873 -0.424808 0.235461 0.430844 0.871167 
0.968663 -0.0315194 -0.246372 -0.0789087 0.901477 -0.425575 0.235513 0.43168 0.87074 
0.968607 -0.0315513 -0.246587 -0.0790626 0.901315 -0.425888 0.23569 0.432014 0.870526 
0.968613 -0.0311078 -0.24662 -0.079535 0.901197 -0.426051 0.235507 0.432293 0.870436 
0.968558 -0.0306373 -0.246894 -0.0800681 0.901204 -0.425937 0.235551 0.432313 0.870414 
0.961648 -0.0302563 -0.272614 -0.0914989 0.901581 -0.422825 0.258577 0.431553 0.864234 
0.961654 -0.0311588 -0.272491 -0.0904728 0.901875 -0.422416 0.258915 0.430872 0.864473 
0.953101 -0.0320154 -0.300956 -0.101944 0.902321 -0.418837 0.284968 0.429875 0.856739 
0.952639 -0.0334465 -0.30226 -0.101109 0.902553 -0.41854 0.286804 0.429278 0.856425 
0.949929 -0.0346653 -0.31054 -0.103614 0.902652 -0.417714 0.294789 0.428975 0.853862 
0.949887 -0.0363251 -0.310477 -0.102124 0.902665 -0.418051 0.295442 0.428809 0.85372 
0.949874 -0.0379152 -0.310325 -0.100521 0.902869 -0.417999 0.296031 0.42824 0.853801 
0.94989 -0.0397363 -0.310049 -0.0987189 0.902988 -0.418171 0.296587 0.427825 0.853817 
0.949971 -0.0420483 -0.309494 -0.096337 0.903139 -0.418401 0.297109 0.427285 0.853905 
0.949906 -0.0448159 -0.309306 -0.0937588 0.90322 -0.418811 0.298141 0.426831 0.853772 
0.949871 -0.0450561 -0.309379 -0.0938573 0.902823 -0.419646 0.298222 0.427647 0.853336 
0.934909 -0.0439753 -0.352152 -0.113477 0.903155 -0.414046 0.336255 0.427056 0.839378 
0.896137 -0.0406195 -0.441914 -0.155438 0.903991 -0.398297 0.415665 0.425619 0.803786 
0.855866 -0.0374593 -0.51584 -0.190269 0.904625 -0.381382 0.480928 0.42456 0.76711 
0.835611 -0.0342354 -0.548254 -0.206772 0.905048 -0.371663 0.50892 0.42393 0.749189 
0.835312 -0.0325395 -0.548813 -0.208222 0.905157 -0.370588 0.508821 0.423831 0.749312 
0.835321 -0.0299546 -0.548945 -0.210196 0.905248 -0.369248 0.507992 0.423827 0.749876 
0.835293 -0.0288546 -0.549047 -0.211113 0.905237 -0.368751 0.507658 0.423926 0.750047 
0.824658 -0.0278806 -0.564944 -0.218973 0.905168 -0.36431 0.521526 0.424139 0.74035 
0.823006 -0.0288051 -0.567302 -0.219429 0.905066 -0.36429 0.523939 0.424295 0.738554 
0.823356 -0.0296652 -0.566749 -0.218657 0.904956 -0.365026 0.523712 0.42447 0.738615 
0.810487 -0.0302205 -0.584977 -0.226129 0.90511 -0.36006 0.540349 0.424104 0.726745 
0.766452 -0.0291381 -0.641641 -0.252371 0.904966 -0.342558 0.590644 0.424486 0.686259 
0.765965 -0.0298347 -0.64219 -0.252027 0.905027 -0.342648 0.591423 0.424305 0.6857 
0.766156 -0.0310662 -0.641903 -0.250846 0.905144 -0.343209 0.591676 0.423971 0.685688 
0.766445 -0.0324568 -0.641489 -0.249552 0.905215 -0.343962 0.59185 0.423713 0.685698 
0.766569 -0.0341984 -0.641251 -0.248169 0.905221 -0.344945 0.59227 0.423562 0.685428 
0.766724 -0.0359543 -0.640969 -0.246528 0.905388 -0.345682 0.592754 0.42306 0.68532 
0.76686 -0.0366587 -0.640767 -0.245658 0.905577 -0.345807 0.592941 0.422595 0.685445 
0.758464 -0.0369821 -0.650664 -0.2498 0.90564 -0.342661 0.60194 0.422432 0.677657 
0.73865 -0.0363711 -0.673107 -0.259581 0.906189 -0.333824 0.622104 0.421305 0.659916 
0.737583 -0.0365442 -0.674268 -0.259778 0.906328 -0.333293 0.623288 0.420991 0.658998 
0.737743 -0.0369152 -0.67407 -0.259028 0.906597 -0.333146 0.623409 0.420379 0.659274 
0.737888 -0.0372529 -0.673894 -0.258433 0.906783 -0.333102 0.623484 0.419949 0.659477 
0.737936 -0.0375585 -0.673825 -0.257835 0.907019 -0.332923 0.623675 0.419411 0.659638 
0.738161 -0.037961 -0.673555 -0.257192 0.907178 -0.332988 0.623676 0.419032 0.65988 
0.738421 -0.0382128 -0.673256 -0.256904 0.90716 -0.333259 0.623485 0.419048 0.660049 
0.738725 -0.0388069 -0.672889 -0.256613 0.90696 -0.334026 0.623245 0.419425 0.660036 
0.738935 -0.0395157 -0.672616 -0.256481 0.906626 -0.335033 0.62305 0.420081 0.659803 
0.739106 -0.0399461 -0.672403 -0.256381 0.906421 -0.335663 0.622889 0.420482 0.6597 
0.739237 -0.0403595 -0.672234 -0.256552 0.906055 -0.336521 0.622663 0.421232 0.659435 
0.85656 -0.0378953 0.514653 0.251931 0.901086 -0.352951 -0.450371 0.431981 0.781382 
0.706493 -0.0455516 0.706253 0.338183 0.89835 -0.280356 -0.621692 0.436912 0.650082 
0.706118 -0.0475336 0.706497 0.339972 0.897981 -0.279373 -0.621142 0.437459 0.65024 
0.70619 -0.045383 0.706567 0.339382 0.897523 -0.281553 -0.621382 0.438626 0.649224 
0.706802 -0.0439382 0.706045 0.338335 0.897512 -0.282844 -0.621257 0.438794 0.64923 
0.704405 -0.0429758 0.708495 0.339018 0.897322 -0.282631 -0.623602 0.439279 0.646648 
0.566247 -0.0437412 0.823074 0.384776 0.89713 -0.217035 -0.728912 0.439595 0.524828 
0.489844 -0.0414457 0.870825 0.405354 0.895161 -0.18541 -0.771843 0.443814 0.455289 
0.490848 -0.0396923 0.870341 0.404149 0.895354 -0.187095 -0.771836 0.443583 0.455525 
0.492012 -0.0381989 0.86975 0.403315 0.895366 -0.188829 -0.771532 0.443689 0.455938 
0.49304 -0.0368674 0.869225 0.402603 0.895357 -0.190388 -0.771248 0.443821 0.45629 
0.494409 -0.035288 0.868513 0.401352 0.895555 -0.192087 -0.771023 0.443549 0.456933 
0.496014 -0.0335148 0.867667 0.400237 0.895597 -0.194207 -0.770572 0.443602 0.457643 
0.500616 -0.0314753 0.865097 0.398403 0.895592 -0.197964 -0.768543 0.443761 0.460888 
0.518194 -0.0299326 0.854739 0.393674 0.89557 -0.207306 -0.759273 0.443913 0.475863 
0.526045 -0.0284629 0.84998 0.390474 0.895952 -0.211658 -0.755517 0.443237 0.482426 
0.527537 -0.0275894 0.849084 0.38976 0.895935 -0.213046 -0.754846 0.443329 0.483391 
0.528945 -0.0269933 0.848227 0.388941 0.896057 -0.214024 -0.754283 0.443117 0.484463 
0.530283 -0.0264195 0.847409 0.388379 0.896043 -0.2151 -0.753632 0.44318 0.485418 
0.5312 -0.0259977 0.846847 0.387876 0.896095 -0.215793 -0.753246 0.443101 0.48609 
0.532328 -0.0257027 0.846147 0.387287 0.896197 -0.216427 -0.752752 0.442912 0.487026 
0.533453 -0.0257354 0.845438 0.387063 0.896167 -0.216949 -0.75207 0.44297 0.488024 
0.534345 -0.0256128 0.844878 0.386814 0.896148 -0.217474 -0.751566 0.443017 0.488759 
0.53513 -0.0267402 0.844346 0.386738 0.896363 -0.216719 -0.751046 0.442513 0.490012 
0.535996 -0.0311798 0.843645 0.387068 0.897169 -0.212759 -0.750258 0.440586 0.492948 
