# Camera parameter file. 

# The format of each camera is as follows:
# Filename (of the undistorted image in visualize folder)
# Original filename
# Focal Length (of the undistorted image)
# 2-vec Principal Point (image center)
# 3-vec Translation T (as in P = K[R T])
# 3-vec Camera Position C (as in P = K[R -RC])
# 3-vec Axis Angle format of R
# 4-vec Quaternion format of R
# 3x3 Matrix format of R
# [Normalized radial distortion] = [radial distortion] * [focal length]^2
# 3-vec Lat/Lng/Alt from EXIF

# The nubmer of cameras in this reconstruction
709

00000000.jpg
E:\zhaochen\VisualSFM_windows_64bit\library\library\350.jpg
1549.65405273
960 540
-0.287305891514 1.83643436432 -3.80052757263
4.22128582001 -0.0167208909988 0.282184243202
0.398759293455 -1.41943281953 -0.288277150705
0.730906468836 0.18115246472 -0.644834510401 -0.130961502916
0.134078979492 -0.042185343802 -0.990075230598
-0.425067782402 0.900069653988 -0.0959143489599
0.895179629326 0.433707684278 0.102748431265
-0.0100721279459
0 0 0

00000001.jpg
E:\zhaochen\VisualSFM_windows_64bit\library\library\510.jpg
1548.99084473
960 540
-1.11559021473 1.8134367466 -3.82124876976
4.35351657867 -0.0143513679504 -0.42636269331
0.402148540382 -1.39395590872 -0.283859723216
0.739037325896 0.183258439175 -0.635223452183 -0.129354416584
0.159518361092 -0.0416247323155 -0.986317873001
-0.424015700817 0.899370133877 -0.106531940401
0.89149749279 0.435207366943 0.125816181302
-0.00914598239568
0 0 0

00000002.jpg
E:\zhaochen\VisualSFM_windows_64bit\library\library\520.jpg
1548.84436035
960 540
-1.1708792448 1.81154942513 -3.82034564018
4.36179018021 -0.0145738124847 -0.471549510956
0.402797816861 -1.39182030713 -0.283273320861
0.739693834328 0.183600078085 -0.634408396401 -0.129119378637
0.161710888147 -0.041937045753 -0.985948443413
-0.423972278833 0.899240493774 -0.107787027955
0.891123473644 0.435444355011 0.127636492252
-0.00914345791078
0 0 0

00000003.jpg
E:\zhaochen\VisualSFM_windows_64bit\library\library\530.jpg
1548.89672852
960 540
-1.22521424294 1.80861961842 -3.81770730019
4.36859035492 -0.0152808427811 -0.512221038342
0.403367161864 -1.38883025511 -0.282385241095
0.740646164729 0.183926063998 -0.633274362752 -0.128761116016
0.164770796895 -0.0422181747854 -0.985430061817
-0.42368388176 0.89918422699 -0.109366111457
0.890698850155 0.435530424118 0.130271941423
-0.0090394064734
0 0 0

00000004.jpg
E:\zhaochen\VisualSFM_windows_64bit\library\library\540.jpg
1548.76831055
960 540
-1.28868305683 1.80266582966 -3.81181669235
4.37415599823 -0.0146126747131 -0.553963959217
0.40410232386 -1.38386605846 -0.281184017499
0.742225525534 0.184371697496 -0.631388931071 -0.128290216497
0.169781729579 -0.0423800721765 -0.984572350979
-0.423261165619 0.899100601673 -0.111689090729
0.889959573746 0.435692429543 0.134712591767
-0.00899218798928
0 0 0

00000005.jpg
E:\zhaochen\VisualSFM_windows_64bit\library\library\550.jpg
1548.71704102
960 540
-1.36203598976 1.79544126987 -3.80329942703
4.38046979904 -0.0145704746246 -0.595953047276
0.405158537459 -1.3767122749 -0.279322830276
0.744500326093 0.185012999043 -0.628666665636 -0.127550945501
0.1770195961 -0.0426998920739 -0.983282744884
-0.422546774149 0.899005115032 -0.11511079222
0.888887405396 0.435858160257 0.141098231077
-0.00928314899707
0 0 0

00000006.jpg
E:\zhaochen\VisualSFM_windows_64bit\library\library\500.jpg
1549.14086914
960 540
-1.04168593884 1.81723999977 -3.82472276688
4.34413766861 -0.0144153833389 -0.379882991314
0.401154550251 -1.40010282502 -0.285246893111
0.73708248706 0.182669737386 -0.637550827231 -0.129890026231
0.153316438198 -0.0414429567754 -0.987308084965
-0.42440161109 0.899522781372 -0.103662267327
0.892402112484 0.434908390045 0.12032315135
-0.00906472855549
0 0 0

00000007.jpg
E:\zhaochen\VisualSFM_windows_64bit\library\library\490.jpg
1549.03820801
960 540
-0.966261088848 1.82297086716 -3.8303000927
4.33775758743 -0.0145738124847 -0.334346175194
0.400105891551 -1.40687371727 -0.286995958539
0.734901190252 0.182041099918 -0.640102643687 -0.130578082122
0.146436363459 -0.0411261022091 -0.988364517689
-0.424974054098 0.899622738361 -0.100397728384
0.893284261227 0.434731155634 0.114259935915
-0.00881464760206
0 0 0

00000008.jpg
E:\zhaochen\VisualSFM_windows_64bit\library\library\560.jpg
1548.74047852
960 540
-1.44335019588 1.78718841076 -3.7900826931
4.38569355011 -0.015641450882 -0.638409733772
0.406331725017 -1.36771688346 -0.277163826942
0.747348828228 0.185748830897 -0.625232529136 -0.126701543719
0.186064004898 -0.0428921207786 -0.981602609158
-0.42165312171 0.898891806602 -0.119202814996
0.88746458292 0.436073869467 0.149165272713
-0.00965285421568
0 0 0

00000009.jpg
E:\zhaochen\VisualSFM_windows_64bit\library\library\570.jpg
1548.41003418
960 540
-1.52288627625 1.77915263176 -3.77789640427
4.39258289337 -0.0161998271942 -0.679757237434
0.407562108514 -1.35891487248 -0.275062651636
0.750110809266 0.186505811211 -0.62185741845 -0.125872307326
0.194899708033 -0.0431242473423 -0.979875802994
-0.420796960592 0.898746728897 -0.123251155019
0.885972082615 0.436348944902 0.157018467784
-0.0101001998072
0 0 0

00000010.jpg
E:\zhaochen\VisualSFM_windows_64bit\library\library\580.jpg
1548.76831055
960 540
-1.59750795364 1.77169954777 -3.7623064518
4.39593744278 -0.0190016031265 -0.7220454216
0.408654331501 -1.35132679669 -0.273146130933
0.752482963271 0.187173079769 -0.618938743123 -0.125107208251
0.202527418733 -0.0434151627123 -0.97831428051
-0.419979333878 0.8986312747 -0.126821756363
0.884649157524 0.436556458473 0.163763746619
-0.00998812418165
0 0 0

00000011.jpg
E:\zhaochen\VisualSFM_windows_64bit\library\library\590.jpg
1548.68469238
960 540
-1.65790569782 1.76681995392 -3.75423288345
4.40231513977 -0.0215129852295 -0.764064729214
0.409176865287 -1.34716915136 -0.271845522717
0.75380029082 0.187505496013 -0.61734091384 -0.124573341995
0.206745371222 -0.0437026359141 -0.977419674397
-0.419316321611 0.898648262024 -0.12887506187
0.883987367153 0.436491727829 0.167465880513
-0.0102767908756
0 0 0

00000012.jpg
E:\zhaochen\VisualSFM_windows_64bit\library\library\600.jpg
1548.57641602
960 540
-1.69594693184 1.76414835453 -3.74995589256
4.40555000305 -0.0222367048264 -0.80080550909
0.409271905712 -1.34681899532 -0.271839808066
0.753899156705 0.187556035155 -0.61720344668 -0.124575363925
0.207081764936 -0.0436859577894 -0.977347373962
-0.419355005026 0.898608446121 -0.129019960761
0.883889257908 0.436573386192 0.167765542865
-0.0104172584324
0 0 0

00000013.jpg
E:\zhaochen\VisualSFM_windows_64bit\library\library\610.jpg
1548.71008301
960 540
-1.75576162338 1.75594460964 -3.73921275139
4.41015434265 -0.0224285125732 -0.835385859013
0.410208627451 -1.34096055661 -0.270127713587
0.755722841849 0.188114459305 -0.614940918288 -0.123875816802
0.21300701797 -0.0441267229617 -0.97605496645
-0.418589860201 0.898537456989 -0.131972208619
0.882844626904 0.436677366495 0.172923579812
-0.00997629348547
0 0 0

00000014.jpg
E:\zhaochen\VisualSFM_windows_64bit\library\library\620.jpg
1548.59655762
960 540
-1.82386875153 1.74624598026 -3.72160553932
4.41209697723 -0.0239791870117 -0.871244192123
0.411240609221 -1.33322473484 -0.268195744407
0.758116882191 0.188757626965 -0.611944276701 -0.123100664529
0.220741376281 -0.0443686805665 -0.974322557449
-0.417667448521 0.89843338728 -0.135539084673
0.881378591061 0.436862289906 0.179790064692
-0.0106247600392
0 0 0

00000015.jpg
E:\zhaochen\VisualSFM_windows_64bit\library\library\630.jpg
1548.6661377
960 540
-1.88962244987 1.73854756355 -3.70523333549
4.41573619843 -0.0264141559601 -0.906964898109
0.412188323806 -1.32605187923 -0.266499354687
0.760321435888 0.189349398542 -0.609156327983 -0.122423391463
0.227882906795 -0.0445246510208 -0.972670733929
-0.416849166155 0.898320317268 -0.138782978058
0.879947721958 0.437082648277 0.186151519418
-0.0106647801517
0 0 0

00000016.jpg
E:\zhaochen\VisualSFM_windows_64bit\library\library\640.jpg
1548.89013672
960 540
-1.95483219624 1.7259503603 -3.68654227257
4.41632461548 -0.0272039175034 -0.941391825676
0.413019562641 -1.31854591539 -0.264314321621
0.762656207187 0.189897561178 -0.606239210639 -0.121526071887
0.235411211848 -0.0448812618852 -0.970858752728
-0.415611714125 0.898340463638 -0.142305254936
0.87854963541 0.437000960112 0.192826285958
-0.0106038383213
0 0 0

00000017.jpg
E:\zhaochen\VisualSFM_windows_64bit\library\library\650.jpg
1548.58837891
960 540
-2.01938009262 1.7129663229 -3.66678380966
4.41652488708 -0.0270184278488 -0.975235164165
0.413713480782 -1.31089544725 -0.262465469632
0.765016170176 0.190384937296 -0.603255052396 -0.120782798482
0.2429921031 -0.0448993556201 -0.968990445137
-0.41450253129 0.898330688477 -0.145569443703
0.877009034157 0.437020778656 0.199676170945
-0.011211513525
0 0 0

00000018.jpg
E:\zhaochen\VisualSFM_windows_64bit\library\library\660.jpg
1548.74182129
960 540
-2.08079409599 1.7025167942 -3.64369630814
4.41440296173 -0.0295383930206 -1.00846004486
0.414593507765 -1.30367642217 -0.26085252319
0.767201442844 0.190946057158 -0.600423952523 -0.120138786233
0.250116109848 -0.0449559912086 -0.967172265053
-0.413638591766 0.898213863373 -0.148719877005
0.875412225723 0.437256485224 0.206062242389
-0.0114571767494
0 0 0

00000019.jpg
E:\zhaochen\VisualSFM_windows_64bit\library\library\670.jpg
1548.64782715
960 540
-2.14286828041 1.68922531605 -3.62354421616
4.41473960876 -0.0291349887848 -1.04150366783
0.415436217768 -1.29634890094 -0.258998961667
0.769426803472 0.191493455195 -0.597546192562 -0.119384405933
0.257373571396 -0.0451371595263 -0.965258419514
-0.412567406893 0.898157119751 -0.15200509131
0.873813807964 0.437355697155 0.212539732456
-0.0113324176538
0 0 0

00000020.jpg
E:\zhaochen\VisualSFM_windows_64bit\library\library\680.jpg
1548.72045898
960 540
-2.20385861397 1.67556929588 -3.60051512718
4.41285133362 -0.0295975208282 -1.07429611683
0.416280279462 -1.2890307776 -0.257154670101
0.771636264673 0.192040928694 -0.594663451186 -0.118632143055
0.264604210854 -0.0453177168965 -0.963292598724
-0.411481171846 0.898093998432 -0.155279189348
0.872162938118 0.437463790178 0.21899189055
-0.0114294029006
0 0 0

00000021.jpg
E:\zhaochen\VisualSFM_windows_64bit\library\library\690.jpg
1548.69848633
960 540
-2.26182031631 1.66346848011 -3.57899951935
4.41230106354 -0.0307357311249 -1.10583817959
0.417052542255 -1.28219431816 -0.255424032331
0.77369244304 0.192544836225 -0.591963529737 -0.117924178587
0.271346062422 -0.0454850196838 -0.961406111717
-0.410433202982 0.898042082787 -0.158327311277
0.870584726334 0.437554627657 0.225011840463
-0.0117673436292
0 0 0

00000022.jpg
E:\zhaochen\VisualSFM_windows_64bit\library\library\700.jpg
1548.69848633
960 540
-2.30572628975 1.65605938435 -3.56451654434
4.41155052185 -0.0324103832245 -1.14099395275
0.417139225723 -1.27962615776 -0.254859171285
0.774476651312 0.192641165277 -0.590950596225 -0.117697796588
0.273848950863 -0.0453743636608 -0.960701107979
-0.409991145134 0.898073732853 -0.159284934402
0.870008647442 0.437499403954 0.227333649993
-0.0118656000473
0 0 0

00000023.jpg
E:\zhaochen\VisualSFM_windows_64bit\library\library\710.jpg
1548.63989258
960 540
-2.33605122566 1.64918839931 -3.55574703217
4.40924501419 -0.0317054986954 -1.17381238937
0.417027110466 -1.27975989774 -0.254868146659
0.774447203477 0.192587274994 -0.59100587268 -0.117700649709
0.273716628551 -0.0453348048031 -0.960741102695
-0.40994656086 0.898113787174 -0.159173861146
0.870070278645 0.437420845032 0.227243468165
-0.0118939070243
0 0 0

00000024.jpg
E:\zhaochen\VisualSFM_windows_64bit\library\library\720.jpg
1548.60473633
960 540
-2.36616516113 1.64130437374 -3.54745674133
4.40716743469 -0.030005812645 -1.20542693138
0.416816842428 -1.27965501388 -0.254830901516
0.774500980286 0.192494029276 -0.590969281064 -0.117685808307
0.273811489344 -0.0452203713357 -0.960720419884
-0.409811466932 0.898192226887 -0.15907625854
0.870104730129 0.437270998955 0.227403357625
-0.0119162646082
0 0 0

00000025.jpg
E:\zhaochen\VisualSFM_windows_64bit\library\library\730.jpg
1548.6184082
960 540
-2.39580345154 1.63670790195 -3.54073619843
4.40723896027 -0.0295941829681 -1.23729252815
0.416664209636 -1.27985617649 -0.255081593171
0.774441455198 0.19241927152 -0.591049068855 -0.117798969052
0.273568689823 -0.045001886785 -0.960798978806
-0.40991550684 0.898198187351 -0.158785194159
0.870132625103 0.437284648418 0.227271392941
-0.0114070627178
0 0 0

00000026.jpg
E:\zhaochen\VisualSFM_windows_64bit\library\library\740.jpg
1548.35546875
960 540
-2.42727136612 1.63114929199 -3.53192901611
4.40576887131 -0.0294485092163 -1.27089083195
0.416673203219 -1.27994005053 -0.255203883375
0.774408607416 0.192421069004 -0.591080565972 -0.117854000867
0.273468703032 -0.0449386872351 -0.960831284523
-0.410007297993 0.898170232773 -0.158702805638
0.870120227337 0.437347322702 0.227195829153
-0.0117029896155
0 0 0

00000027.jpg
E:\zhaochen\VisualSFM_windows_64bit\library\library\750.jpg
1548.35314941
960 540
-2.45972084999 1.62393712997 -3.5241651535
4.40496635437 -0.0282150506973 -1.30485081673
0.416560737169 -1.27992160242 -0.255142711169
0.774428498565 0.192370558013 -0.591076428721 -0.117826624886
0.273491382599 -0.044914662838 -0.960825204849
-0.409907847643 0.898221790791 -0.15866547823
0.870160520077 0.437243491411 0.227244824171
-0.0114713924284
0 0 0

00000028.jpg
E:\zhaochen\VisualSFM_windows_64bit\library\library\760.jpg
1548.00842285
960 540
-2.49461150169 1.61718261242 -3.51768898964
4.40618658066 -0.0261967182159 -1.34066390991
0.416406880596 -1.27982666435 -0.255270117647
0.774464195524 0.19230206454 -0.591040449319 -0.117887030514
0.273549318314 -0.0447177439928 -0.960819125175
-0.409914880991 0.898245632648 -0.158509969711
0.870139539242 0.437214285135 0.227384209633
-0.01199074164
0 0 0

00000029.jpg
E:\zhaochen\VisualSFM_windows_64bit\library\library\770.jpg
1548.07788086
960 540
-2.52773976326 1.61290764809 -3.51297259331
4.4090795517 -0.0251349210739 -1.37525880337
0.416415045287 -1.28001016677 -0.255501435826
0.774395407299 0.192300904689 -0.591110037612 -0.117990831059
0.273334950209 -0.0445988215506 -0.960885167122
-0.410085052252 0.898198366165 -0.15834286809
0.87012642622 0.437324881554 0.227219671011
-0.0113853016486
0 0 0

00000030.jpg
E:\zhaochen\VisualSFM_windows_64bit\library\library\780.jpg
1548.0769043
960 540
-2.56288862228 1.60683608055 -3.507137537
4.41083145142 -0.0240862369537 -1.41220855713
0.416302143781 -1.28021230895 -0.255512991767
0.774345486312 0.192245189495 -0.591192386599 -0.117993972057
0.273137778044 -0.0445717945695 -0.960941493511
-0.410044193268 0.898239552975 -0.158214151859
0.870207130909 0.437242627144 0.227066397667
-0.011599606365
0 0 0

00000031.jpg
E:\zhaochen\VisualSFM_windows_64bit\library\library\790.jpg
1547.97680664
960 540
-2.59977531433 1.6020834446 -3.50489974022
4.41693496704 -0.0221630334854 -1.44915676117
0.416280160293 -1.28024886439 -0.255597952684
0.774332044571 0.192234074545 -0.591206305532 -0.118032614995
0.273087412119 -0.044507175684 -0.960959255695
-0.410092920065 0.898229897022 -0.158142745495
0.870200693607 0.43726927042 0.227043151855
-0.011192086614
0 0 0

00000032.jpg
E:\zhaochen\VisualSFM_windows_64bit\library\library\800.jpg
1547.98486328
960 540
-2.63628411293 1.60092830658 -3.50014257431
4.42207431793 -0.0230534076691 -1.48616921902
0.416340853145 -1.28030278733 -0.256033342202
0.774284262922 0.192258677693 -0.591220676711 -0.118231567825
0.272958934307 -0.0442449823022 -0.961007654667
-0.410424351692 0.898116230965 -0.157923966646
0.870083808899 0.437527507544 0.22698931396
-0.0111416537701
0 0 0

00000033.jpg
E:\zhaochen\VisualSFM_windows_64bit\library\library\480.jpg
1549.0357666
960 540
-0.889632344246 1.82495903969 -3.83258128166
4.32756519318 -0.0135744810104 -0.287424176931
0.398972692926 -1.41348939304 -0.288527163695
0.732782202778 0.181379077422 -0.642593858179 -0.131168853634
0.139735817909 -0.0408697538078 -0.989345014095
-0.425342559814 0.899793505669 -0.0972460731864
0.894180357456 0.434399366379 0.108349703252
-0.00908670410405
0 0 0

00000034.jpg
E:\zhaochen\VisualSFM_windows_64bit\library\library\810.jpg
1547.71679688
960 540
-2.6753578186 1.5966180563 -3.49717378616
4.42819261551 -0.0214195251465 -1.52566158772
0.415966344998 -1.28034891681 -0.256366324186
0.774287257931 0.192085951043 -0.591242638524 -0.118385465048
0.272835075855 -0.0438099578023 -0.961063563824
-0.410467386246 0.898176789284 -0.157470405102
0.870103001595 0.43744841218 0.227071166039
-0.0112628993973
0 0 0

00000035.jpg
E:\zhaochen\VisualSFM_windows_64bit\library\library\820.jpg
1547.9362793
960 540
-2.7167429924 1.59591269493 -3.49272274971
4.43521690369 -0.0221040248871 -1.56689071655
0.415578167747 -1.28024438715 -0.257075630986
0.774313471588 0.191908572739 -0.591200145155 -0.118714170419
0.272779732943 -0.0430688709021 -0.961113095284
-0.410756796598 0.898157596588 -0.156827196479
0.86998385191 0.437562376261 0.2273080796
-0.0107179316207
0 0 0

00000036.jpg
E:\zhaochen\VisualSFM_windows_64bit\library\library\830.jpg
1547.62536621
960 540
-2.76125144958 1.5930390358 -3.49186253548
4.44497203827 -0.0204561948776 -1.61159443855
0.415205666304 -1.2804139801 -0.257564982162
0.774270004593 0.191733449912 -0.591268881046 -0.118938219331
0.272510707378 -0.042551420629 -0.961212396622
-0.41091260314 0.89818584919 -0.156258195639
0.86999464035 0.437555640936 0.227279603481
-0.0100790376831
0 0 0

00000037.jpg
E:\zhaochen\VisualSFM_windows_64bit\library\library\840.jpg
1547.2911377
960 540
-2.80970454216 1.58915531635 -3.48942494392
4.45413970947 -0.0188820362091 -1.66019487381
0.414826645406 -1.28050022412 -0.25799647256
0.774254841449 0.191557343141 -0.591305364638 -0.119136799361
0.272328704596 -0.0420534200966 -0.961284577847
-0.411022394896 0.89822602272 -0.155735939741
0.869999587536 0.437520861626 0.227327510715
-0.0104455847085
0 0 0

00000038.jpg
E:\zhaochen\VisualSFM_windows_64bit\library\library\470.jpg
1548.77636719
960 540
-0.838410019875 1.82952916622 -3.83330321312
4.32261276245 -0.0144250392914 -0.243210196495
0.398629091182 -1.4149665434 -0.289318049434
0.73228646489 0.181188634252 -0.643143867777 -0.131503554058
0.138145312667 -0.0404642112553 -0.989584505558
-0.425657302141 0.899755418301 -0.0962125211954
0.894277691841 0.434515416622 0.107073135674
-0.00877696822084
0 0 0

00000039.jpg
E:\zhaochen\VisualSFM_windows_64bit\library\library\850.jpg
1547.40197754
960 540
-2.86009836197 1.5865405798 -3.48474860191
4.4624581337 -0.0181431770325 -1.71081852913
0.414144019913 -1.28044905995 -0.258807041911
0.77428686822 0.19124440555 -0.591288796973 -0.119512528258
0.272188514471 -0.0410875268281 -0.96136623621
-0.411235451698 0.898286044598 -0.154823362827
0.869942367077 0.437488764524 0.227606058121
-0.0102936961496
0 0 0

00000040.jpg
E:\zhaochen\VisualSFM_windows_64bit\library\library\860.jpg
1547.50085449
960 540
-2.9154381752 1.58580672741 -3.48097705841
4.47333288193 -0.0187120437622 -1.76655900478
0.41369521616 -1.28060481429 -0.259615044243
0.774235491952 0.191033497444 -0.591349396753 -0.119883353622
0.271868169308 -0.0402992963791 -0.961490869522
-0.411571085453 0.898269712925 -0.154024079442
0.86988389492 0.437595576048 0.227624505758
-0.0099961081593
0 0 0

00000041.jpg
E:\zhaochen\VisualSFM_windows_64bit\library\library\460.jpg
1549.09777832
960 540
-0.788969933987 1.82890963554 -3.82847476006
4.31117248535 -0.0145699977875 -0.19550666213
0.398473277392 -1.41512774275 -0.289270632182
0.732252167432 0.181115444487 -0.643208728605 -0.131480282612
0.137991681695 -0.040436450392 -0.989607572556
-0.42554333806 0.899820864201 -0.096105761826
0.894356369972 0.434382945299 0.106960400939
-0.00902928054136
0 0 0

00000042.jpg
E:\zhaochen\VisualSFM_windows_64bit\library\library\450.jpg
1549.10131836
960 540
-0.740520596504 1.82981944084 -3.82528567314
4.30197191238 -0.0150014162064 -0.14921104908
0.398510824748 -1.41547513635 -0.289232566603
0.732139515173 0.181124732562 -0.64333900009 -0.131457335713
0.13766849041 -0.0405588448048 -0.989647746086
-0.425539284945 0.899826228619 -0.0960738509893
0.894407868385 0.434360444546 0.106618359685
-0.00918198154244
0 0 0

00000043.jpg
E:\zhaochen\VisualSFM_windows_64bit\library\library\440.jpg
1549.08752441
960 540
-0.690466582775 1.83231282234 -3.82321739197
4.29424619675 -0.0158351659775 -0.101578176022
0.398651548575 -1.41593416612 -0.289278630996
0.731975831587 0.181177386317 -0.643507474967 -0.131470068205
0.137227728963 -0.0407120026648 -0.989702343941
-0.425643652678 0.899780631065 -0.0960308685899
0.894425332546 0.434439003468 0.106146112084
-0.00911375270801
0 0 0

00000044.jpg
E:\zhaochen\VisualSFM_windows_64bit\library\library\870.jpg
1547.26245117
960 540
-2.97729969025 1.58424389362 -3.47805547714
4.48659467697 -0.0184259414673 -1.82788801193
0.413180605612 -1.28062135142 -0.260389010529
0.77423338448 0.190795714033 -0.591356568606 -0.120240656302
0.271680384874 -0.0394678264856 -0.961579084396
-0.41184514761 0.89827889204 -0.153230637312
0.869812905788 0.437651008368 0.227790057659
-0.0101159338815
0 0 0

00000045.jpg
E:\zhaochen\VisualSFM_windows_64bit\library\library\430.jpg
1549.16149902
960 540
-0.642877280712 1.83146810532 -3.82065963745
4.28505563736 -0.0150216817856 -0.0557436943054
0.398639958359 -1.4162053356 -0.289067546227
0.731903865737 0.181167148152 -0.643613056013 -0.131370530914
0.137009352446 -0.0409016013145 -0.989725768566
-0.425503998995 0.899840891361 -0.0960902422667
0.894525766373 0.434297502041 0.105882830918
-0.00904795922711
0 0 0

00000046.jpg
E:\zhaochen\VisualSFM_windows_64bit\library\library\420.jpg
1549.34399414
960 540
-0.59689027071 1.8330655098 -3.81558775902
4.27489852905 -0.0166398286819 -0.0114758908749
0.398704324818 -1.41641150002 -0.289091438577
0.731830057732 0.181191301517 -0.643688636407 -0.131377692071
0.136810362339 -0.0409691631794 -0.989749670029
-0.425553739071 0.899820387363 -0.0960697904229
0.894533097744 0.434335172176 0.105670183897
-0.00955195905281
0 0 0

00000047.jpg
E:\zhaochen\VisualSFM_windows_64bit\library\library\410.jpg
1549.03076172
960 540
-0.547723293304 1.83430850506 -3.81544399261
4.26858663559 -0.0156762599945 0.0353019535542
0.398840750191 -1.41690213613 -0.289086987458
0.731660035961 0.181241550357 -0.643869864682 -0.131367152854
0.136349782348 -0.0411594212055 -0.989805996418
-0.425623804331 0.899788320065 -0.0960476100445
0.894569396973 0.434381186962 0.105167530477
-0.0092481292205
0 0 0

00000048.jpg
E:\zhaochen\VisualSFM_windows_64bit\library\library\400.jpg
1549.12524414
960 540
-0.503080964088 1.83425676823 -3.81012535095
4.25773954391 -0.0166846513748 0.0778042674065
0.398806252754 -1.41720468065 -0.288959192241
0.731574327273 0.181219951316 -0.64398630026 -0.1313047887
0.13608315587 -0.0412875339389 -0.989837706089
-0.425524383783 0.899837017059 -0.0960346832871
0.894657671452 0.434268772602 0.104883812368
-0.0101325861824
0 0 0

00000049.jpg
E:\zhaochen\VisualSFM_windows_64bit\library\library\390.jpg
1549.64733887
960 540
-0.457004606724 1.83454298973 -3.80801391602
4.249751091 -0.0168780088425 0.12133949995
0.398625275649 -1.41767703144 -0.288872116335
0.731444398296 0.181128739737 -0.644169022249 -0.131258717329
0.13563670218 -0.0413380116224 -0.989897727966
-0.425371825695 0.899927914143 -0.0958657115698
0.894797563553 0.434076696634 0.104479014874
-0.00969694212344
0 0 0

00000050.jpg
E:\zhaochen\VisualSFM_windows_64bit\library\library\380.jpg
1549.5020752
960 540
-0.413212090731 1.83370816708 -3.80575561523
4.24149656296 -0.0161144733429 0.162749648094
0.398401378034 -1.41807081738 -0.288850700329
0.731339264887 0.181019746493 -0.644322118409 -0.131243724121
0.13524992764 -0.0413026325405 -0.989951789379
-0.425237387419 0.900015175343 -0.0956473648548
0.89492046833 0.433900028467 0.104163378477
-0.00979399230269
0 0 0

00000051.jpg
E:\zhaochen\VisualSFM_windows_64bit\library\library\370.jpg
1549.56799316
960 540
-0.369460374117 1.83462560177 -3.80434966087
4.23477888107 -0.0161435604095 0.204527661204
0.398411512283 -1.41845629052 -0.288750027547
0.731220413235 0.181016145888 -0.644468051009 -0.13119203512
0.134900182486 -0.0414574705064 -0.989992260933
-0.425178647041 0.900043785572 -0.0956272184849
0.895000517368 0.43382358551 0.103789202869
-0.00989041247894
0 0 0

00000052.jpg
E:\zhaochen\VisualSFM_windows_64bit\library\library\360.jpg
1549.50512695
960 540
-0.327074944973 1.83582866192 -3.80375504494
4.22913694382 -0.0162588357925 0.244894430041
0.398555618465 -1.41893057254 -0.288478648355
0.731072307816 0.181071390978 -0.64464712218 -0.131061331732
0.13450679183 -0.0418234691024 -0.990029573441
-0.425084710121 0.90007263422 -0.0957758873701
0.895105063915 0.433729231358 0.103287450969
-0.00991467202948
0 0 0

00000053.jpg
E:\zhaochen\VisualSFM_windows_64bit\library\library\340.jpg
1549.59423828
960 540
-0.250395476818 1.83772587776 -3.80013823509
4.21666812897 -0.0164266824722 0.316928625107
0.39904046509 -1.41995112683 -0.288082884979
0.730725235712 0.181267665653 -0.645025376171 -0.130864202112
0.13363443315 -0.0425928458571 -0.990115463734
-0.425095945597 0.900033652782 -0.0960922688246
0.895229816437 0.43373516202 0.102169394493
-0.00966695785176
0 0 0

00000054.jpg
E:\zhaochen\VisualSFM_windows_64bit\library\library\330.jpg
1550.30664063
960 540
-0.217282548547 1.83650314808 -3.79622101784
4.20834541321 -0.0167578458786 0.347578525543
0.399307802758 -1.42051033755 -0.287447953344
0.730561944045 0.181377806365 -0.645239204356 -0.130567644462
0.133237168193 -0.0432886071503 -0.990138351917
-0.424839615822 0.900108635426 -0.0965207368135
0.895410478115 0.433510154486 0.101537212729
-0.00928460289754
0 0 0

00000055.jpg
E:\zhaochen\VisualSFM_windows_64bit\library\library\320.jpg
1549.61279297
960 540
-0.186010226607 1.83824014664 -3.79935359955
4.2079539299 -0.0153138637543 0.376459240913
0.399519355549 -1.42115794462 -0.287424134533
0.730335378966 0.181458213005 -0.645477565594 -0.13054553954
0.132633537054 -0.0435703061521 -0.990207135677
-0.424938410521 0.900061845779 -0.0965222641826
0.89545327425 0.433579146862 0.100863680243
-0.00975129030812
0 0 0

00000056.jpg
E:\zhaochen\VisualSFM_windows_64bit\library\library\310.jpg
1550.1340332
960 540
-0.160664215684 1.83698809147 -3.79508495331
4.20034694672 -0.0157300233841 0.399814814329
0.399689343983 -1.42156045951 -0.286991807403
0.730218231112 0.181527305418 -0.645631522555 -0.130343353555
0.132341146469 -0.0440416447818 -0.990225851536
-0.424758017063 0.900118112564 -0.0968017652631
0.895581781864 0.433416426182 0.100415401161
-0.00980301043608
0 0 0

00000057.jpg
E:\zhaochen\VisualSFM_windows_64bit\library\library\300.jpg
1549.84655762
960 540
-0.138202160597 1.83751130104 -3.79770731926
4.2001247406 -0.0143249034882 0.420548796654
0.399941870739 -1.42209128266 -0.286692130332
0.730043324345 0.181629871989 -0.645829498045 -0.130198558196
0.131905347109 -0.0445027947426 -0.990263462067
-0.424705147743 0.900117993355 -0.0970233306289
0.895670592785 0.433367371559 0.0998296812177
-0.00955869978682
0 0 0

00000058.jpg
E:\zhaochen\VisualSFM_windows_64bit\library\library\290.jpg
1550.32751465
960 540
-0.119774140418 1.83679497242 -3.79492259026
4.19507789612 -0.0145089626312 0.436714857817
0.400163717599 -1.42261023063 -0.286347866371
0.72987798654 0.181719154528 -0.646024406919 -0.130034008305
0.131487235427 -0.0449721515179 -0.990297198296
-0.424607992172 0.900139033794 -0.0972553640604
0.895778775215 0.433275878429 0.0992612317204
-0.00952641275228
0 0 0

00000059.jpg
E:\zhaochen\VisualSFM_windows_64bit\library\library\270.jpg
1550.21228027
960 540
-0.0905478075147 1.8340010643 -3.79464221001
4.19027328491 -0.012323141098 0.461019545794
0.400372233963 -1.42384780267 -0.285688486225
0.729501837803 0.181787741491 -0.646493573522 -0.129715949997
0.13043923676 -0.0457932241261 -0.990397512913
-0.424305319786 0.900254249573 -0.0975079163909
0.896075487137 0.432950049639 0.0979982391
-0.0101108163576
0 0 0

00000060.jpg
E:\zhaochen\VisualSFM_windows_64bit\library\library\280.jpg
1550.32275391
960 540
-0.103769734502 1.83583772182 -3.79609966278
4.19384336472 -0.0133578777313 0.450495868921
0.400273040792 -1.42322740784 -0.285944518611
0.729694894921 0.181756097211 -0.64625950971 -0.129841769055
0.130979761481 -0.0454334318638 -0.990343630314
-0.424412935972 0.900211811066 -0.0974300205708
0.895945429802 0.433075964451 0.098626986146
-0.00941900363792
0 0 0

00000061.jpg
E:\zhaochen\VisualSFM_windows_64bit\library\library\260.jpg
1550.15112305
960 540
-0.0798656046391 1.83408236504 -3.7965092659
4.19078016281 -0.0112493038177 0.470053702593
0.40055948192 -1.42433254204 -0.285485726951
0.729341324114 0.18186161631 -0.64667403956 -0.129615944897
0.130024716258 -0.0461419448256 -0.990436673164
-0.424279004335 0.900252401829 -0.097639888525
0.896147727966 0.432916879654 0.0974779501557
-0.00991564578409
0 0 0

00000062.jpg
E:\zhaochen\VisualSFM_windows_64bit\library\library\250.jpg
1550.1739502
960 540
-0.0709949284792 1.83192360401 -3.79718136787
4.18959856033 -0.00911748409271 0.476172596216
0.400590603001 -1.42499300164 -0.285338215816
0.729134333978 0.18186137294 -0.646922772942 -0.129538734288
0.129421114922 -0.0463982149959 -0.990503489971
-0.424202769995 0.900291860104 -0.0975996181369
0.896270930767 0.432805866003 0.0968345329165
-0.00974249915259
0 0 0

00000063.jpg
E:\zhaochen\VisualSFM_windows_64bit\library\library\210.jpg
1549.9609375
960 540
-0.0572139509022 1.82577335835 -3.80406570435
4.19216585159 -0.00172340869904 0.483103305101
0.400714254259 -1.42681427357 -0.284750847958
0.728571876829 0.181878438332 -0.647610483303 -0.129244315593
0.127793371677 -0.0472452118993 -0.990675032139
-0.423900306225 0.900432527065 -0.0976230949163
0.896648108959 0.432422965765 0.0950420200825
-0.00942533616177
0 0 0

00000064.jpg
E:\zhaochen\VisualSFM_windows_64bit\library\library\230.jpg
1549.77990723
960 540
-0.0611637420952 1.82955288887 -3.80067038536
4.190721035 -0.00547420978546 0.483673125505
0.400987322497 -1.42571248145 -0.284808310999
0.728900106134 0.182025195965 -0.647191517701 -0.129286602627
0.128857254982 -0.047135964036 -0.990542769432
-0.424084037542 0.900303184986 -0.098009839654
0.896409094334 0.432702898979 0.0960210189223
-0.00977849656386
0 0 0

00000065.jpg
E:\zhaochen\VisualSFM_windows_64bit\library\library\220.jpg
1550.06066895
960 540
-0.0595407709479 1.82877576351 -3.80208420753
4.19171524048 -0.00451695919037 0.48302012682
0.400959025932 -1.42629824065 -0.28475157085
0.728716698529 0.181999602961 -0.647412071342 -0.129251792541
0.128303274512 -0.0472819730639 -0.990608155727
-0.424033731222 0.900341451168 -0.0978942662477
0.896511793137 0.432610332966 0.0954673811793
-0.00936768871665
0 0 0

00000066.jpg
E:\zhaochen\VisualSFM_windows_64bit\library\library\240.jpg
1550.20300293
960 540
-0.0655234158039 1.8325009346 -3.79743480682
4.18948507309 -0.00897824764252 0.480641126633
0.400681377685 -1.42524160922 -0.285385592513
0.72904300521 0.181896239864 -0.647013073358 -0.129555724524
0.129179775715 -0.0464749671519 -0.99053221941
-0.424281746149 0.900258362293 -0.0975718870759
0.896269202232 0.43286883831 0.0965766757727
-0.00957948076803
0 0 0

00000067.jpg
E:\zhaochen\VisualSFM_windows_64bit\library\library\190.jpg
1550.50134277
960 540
-0.21547408402 1.81583940983 -3.80081868172
4.19000959396 0.000134468078613 0.483490765095
0.405146416212 -1.38997674881 -0.275491048365
0.740556785102 0.18473109699 -0.633775640913 -0.125613263598
0.165099561214 -0.0481085777283 -0.985102593899
-0.420203596354 0.900191962719 -0.114386416972
0.892284810543 0.43282905221 0.128405883908
-0.0102142192962
0 0 0

00000068.jpg
E:\zhaochen\VisualSFM_windows_64bit\library\library\180.jpg
1550.63366699
960 540
-0.213795602322 1.81663751602 -3.80117964745
4.19058084488 -1.66893005371e-006 0.483633577824
0.405313046662 -1.39038768357 -0.275501123134
0.740410617692 0.184796822991 -0.63392784606 -0.125610889422
0.164714977145 -0.0482884421945 -0.985158503056
-0.420302987099 0.900145053864 -0.114394567907
0.892309129238 0.432907551527 0.127971500158
-0.00987127903349
0 0 0

00000069.jpg
E:\zhaochen\VisualSFM_windows_64bit\library\library\160.jpg
1550.82067871
960 540
-0.253764033318 1.81243300438 -3.79899692535
4.18894720078 0.000948548316956 0.484178185463
0.406470288691 -1.38096149786 -0.272918252478
0.743444367329 0.185537774071 -0.630354861153 -0.124576497907
0.17426738143 -0.048677675426 -0.983494460583
-0.419140458107 0.900113105774 -0.118819072843
0.891040623188 0.432928979397 0.136457622051
-0.0101776274211
0 0 0

00000070.jpg
E:\zhaochen\VisualSFM_windows_64bit\library\library\150.jpg
1550.69848633
960 540
-0.251257568598 1.81215119362 -3.80039262772
4.18982744217 0.00150656700134 0.485141038895
0.406420784398 -1.38138178658 -0.27287109674
0.743319416225 0.185506394241 -0.630516853802 -0.124549076209
0.173872768879 -0.0487701520324 -0.983560144901
-0.419089138508 0.900149822235 -0.118720419705
0.891141533852 0.432841598988 0.136072427034
-0.0103638733654
0 0 0

00000071.jpg
E:\zhaochen\VisualSFM_windows_64bit\library\library\140.jpg
1550.44604492
960 540
-0.247066274285 1.81011366844 -3.80231809616
4.19026374817 0.00340473651886 0.486674666405
0.406190338378 -1.38202694964 -0.2728414727
0.743139161283 0.185388546043 -0.63076824478 -0.124527048393
0.173249080777 -0.0487927235663 -0.98366945982
-0.418956428766 0.900249063969 -0.118443749845
0.891324877739 0.432634204626 0.135525107384
-0.0107355629574
0 0 0

00000072.jpg
E:\zhaochen\VisualSFM_windows_64bit\library\library\200.jpg
1549.4017334
960 540
-0.089542761445 1.8256790638 -3.80673718452
4.19713258743 -0.00169146060944 0.465256601572
0.400871939769 -1.42349336619 -0.284249987479
0.729664191174 0.182025912082 -0.646372700653 -0.12907080316
0.1310865134 -0.0469562634826 -0.990258038044
-0.42366963625 0.900414466858 -0.0987797677517
0.896282017231 0.432491391897 0.0981383472681
-0.0106713103928
0 0 0

00000073.jpg
E:\zhaochen\VisualSFM_windows_64bit\library\library\130.jpg
1550.55187988
960 540
-0.240469768643 1.81065392494 -3.80365824699
4.19117498398 0.00355446338654 0.488016664982
0.40611002284 -1.38331884009 -0.273012091698
0.742728289793 0.185323028481 -0.631259566081 -0.124585518209
0.171979501843 -0.0489075370133 -0.983885526657
-0.419040292501 0.900268375874 -0.117997765541
0.891531825066 0.432580858469 0.134333372116
-0.0105414459809
0 0 0

00000074.jpg
E:\zhaochen\VisualSFM_windows_64bit\library\library\880.jpg
1546.75305176
960 540
-3.04406118393 1.5827703476 -3.47762513161
4.5032954216 -0.0171872377396 -1.89351558685
0.412914901698 -1.28069433635 -0.261116541795
0.774193218726 0.190670164311 -0.591381416706 -0.120574805423
0.271460324526 -0.0388209857047 -0.961667239666
-0.412213772535 0.89821344614 -0.152619764209
0.869706690311 0.437842428684 0.227826789021
-0.010388932452
0 0 0

00000075.jpg
E:\zhaochen\VisualSFM_windows_64bit\library\library\890.jpg
1547.08068848
960 540
-3.11366915703 1.57999992371 -3.47555661201
4.51863288879 -0.0166491270065 -1.96279335022
0.41251960135 -1.28088788835 -0.261642130973
0.774142100912 0.190483998202 -0.591459521981 -0.120815202581
0.271159738302 -0.0382705703378 -0.961773514748
-0.412383109331 0.898239791393 -0.152008533478
0.869721353054 0.437838196754 0.227784439921
-0.00981145407685
0 0 0

00000076.jpg
E:\zhaochen\VisualSFM_windows_64bit\library\library\170.jpg
1550.19433594
960 540
-0.213551923633 1.81704449654 -3.80224180222
4.19168901443 0.000381231307983 0.483797937632
0.405434105019 -1.39045942123 -0.275485256066
0.740377585918 0.184849700543 -0.633952606477 -0.12560208048
0.16465677321 -0.048385694623 -0.985163033009
-0.420357555151 0.900109112263 -0.114465415478
0.892294168472 0.432968884706 0.127869993448
-0.0100675392352
0 0 0

00000077.jpg
E:\zhaochen\VisualSFM_windows_64bit\library\library\900.jpg
1547.03796387
960 540
-3.18789219856 1.57798933983 -3.4761133194
4.53761482239 -0.015728354454 -2.03614258766
0.412243385662 -1.28116251448 -0.26216093757
0.77405540512 0.190350301551 -0.591567213564 -0.121050853105
0.270789414644 -0.037810023874 -0.961895346642
-0.412610292435 0.89822769165 -0.15146394074
0.86972784996 0.437902778387 0.227629974484
-0.00952257784921
0 0 0

00000078.jpg
E:\zhaochen\VisualSFM_windows_64bit\library\library\910.jpg
1546.78674316
960 540
-3.26567625999 1.57980394363 -3.47692489624
4.55938196182 -0.0164088010788 -2.11216259003
0.412202522213 -1.28133794364 -0.263007093098
0.773956329513 0.190324403275 -0.591626364163 -0.121437073655
0.270463317633 -0.0372277647257 -0.962010502815
-0.413175731897 0.898059844971 -0.150914758444
0.869561374187 0.438296347857 0.227510437369
-0.00899785479154
0 0 0

00000079.jpg
E:\zhaochen\VisualSFM_windows_64bit\library\library\920.jpg
1546.85742188
960 540
-3.34737324715 1.5771034956 -3.4784052372
4.5809431076 -0.0161702632904 -2.19231271744
0.411766404493 -1.28161197913 -0.263206136307
0.773905013134 0.190119399285 -0.591741572236 -0.121526651948
0.270148664713 -0.0369024649262 -0.962112903595
-0.413102805614 0.898172080517 -0.150444000959
0.869694173336 0.438093423843 0.227395132184
-0.00898298459217
0 0 0

00000080.jpg
E:\zhaochen\VisualSFM_windows_64bit\library\library\930.jpg
1546.71643066
960 540
-3.43679308891 1.57469034195 -3.47573971748
4.6046295166 -0.0165375471115 -2.27356696129
0.411594421003 -1.28027020612 -0.263368215934
0.774308003767 0.19006854312 -0.591210863075 -0.12161975613
0.271357506514 -0.0363990105689 -0.961791098118
-0.413083612919 0.898166000843 -0.150537461042
0.869326114655 0.438148915768 0.228688031435
-0.00858694967377
0 0 0

00000081.jpg
E:\zhaochen\VisualSFM_windows_64bit\library\library\940.jpg
1546.81787109
960 540
-3.53296208382 1.56717777252 -3.46913862228
4.62755870819 -0.0153467655182 -2.35760307312
0.41162489866 -1.277865744 -0.263006070325
0.775037341506 0.190134289452 -0.590260929406 -0.121485538085
0.273667782545 -0.0361458547413 -0.961145877838
-0.412769168615 0.898180663586 -0.15130597353
0.868751168251 0.438138723373 0.230883076787
-0.00814259746274
0 0 0

00000082.jpg
E:\zhaochen\VisualSFM_windows_64bit\library\library\950.jpg
1546.8371582
960 540
-3.63989830017 1.55675554276 -3.45206880569
4.64951562881 -0.0158478021622 -2.44353938103
0.411905668475 -1.27306788835 -0.262196803198
0.776473159275 0.190365757708 -0.58835930585 -0.121176514259
0.278299748898 -0.0358259752393 -0.959826290607
-0.412187218666 0.898153364658 -0.15303710103
0.867554545403 0.43821850419 0.235189154744
-0.008329261106
0 0 0

00000083.jpg
E:\zhaochen\VisualSFM_windows_64bit\library\library\960.jpg
1547.0447998
960 540
-3.76950907707 1.53868281841 -3.42215061188
4.67429542542 -0.0152504444122 -2.53744053841
0.412350420137 -1.26448069197 -0.260632372406
0.779044222688 0.190753693332 -0.584949960909 -0.120568781333
0.28659388423 -0.0353058539331 -0.957401931286
