0.806444 -0.0263454 0.590724 0.27859 0.898113 -0.34027 -0.521573 0.438979 0.731619 
0.807918 -0.0200552 0.588957 0.273103 0.89836 -0.344046 -0.522195 0.438807 0.731278 
0.807055 -0.0227817 0.590042 0.275955 0.897973 -0.342778 -0.522032 0.439465 0.730999 
0.813125 -0.0287035 0.581383 0.276722 0.897766 -0.342701 -0.512109 0.43954 0.737938 
0.808463 -0.017749 0.588284 0.270985 0.898523 -0.345298 -0.522456 0.438574 0.731229 
0.808708 -0.01694 0.587971 0.26971 0.898994 -0.345065 -0.522736 0.437638 0.731591 
0.808836 -0.0195765 0.587711 0.270726 0.899626 -0.342619 -0.522012 0.43623 0.732948 
0.808892 -0.0221529 0.587541 0.271672 0.900303 -0.340076 -0.521432 0.434703 0.734267 
0.808756 -0.0246789 0.587629 0.272832 0.900859 -0.337666 -0.521037 0.433413 0.735308 
0.80879 -0.0249165 0.587571 0.272984 0.900851 -0.33756 -0.520904 0.433413 0.735401 
0.808913 -0.0248275 0.587406 0.272449 0.901187 -0.337098 -0.520993 0.432721 0.735746 
0.809138 -0.0242651 0.587117 0.270931 0.902015 -0.336105 -0.521433 0.431023 0.736429 
0.809353 -0.0235716 0.58685 0.269999 0.902288 -0.336127 -0.521584 0.430494 0.736632 
0.809356 -0.0230437 0.586867 0.270839 0.901287 -0.338128 -0.521144 0.432612 0.735703 
0.80631 -0.0220927 0.591082 0.272911 0.900474 -0.338628 -0.524773 0.434352 0.73209 
0.80646 -0.0201166 0.590946 0.272048 0.899982 -0.340626 -0.524989 0.435467 0.731272 
0.80661 -0.0170753 0.590839 0.270478 0.899454 -0.34326 -0.525571 0.436685 0.730126 
0.800204 -0.0149615 0.599543 0.273042 0.899165 -0.341987 -0.533971 0.437359 0.723599 
0.760624 -0.0135544 0.649052 0.293255 0.899138 -0.324888 -0.579183 0.437455 0.687881 
0.752682 -0.0113516 0.658287 0.296238 0.898763 -0.323218 -0.587974 0.43829 0.679846 
0.752909 -0.0095315 0.658057 0.295361 0.898438 -0.324921 -0.588125 0.439 0.679257 
0.752914 -0.0077103 0.658074 0.294511 0.898169 -0.326432 -0.588544 0.439585 0.678515 
0.752587 -0.00631586 0.658463 0.294183 0.897844 -0.327623 -0.589127 0.440273 0.677562 
0.914707 -0.0291368 0.40307 0.200975 0.898112 -0.391161 -0.350604 0.438804 0.827363 
0.957849 -0.0263767 0.286062 0.148164 0.898475 -0.413268 -0.246119 0.438232 0.864511 
0.9635 -0.0251721 0.266526 0.138625 0.898615 -0.416264 -0.229026 0.438017 0.869304 
0.963866 -0.0250847 0.265207 0.138069 0.898441 -0.416822 -0.227816 0.438377 0.86944 
0.963803 -0.0243078 0.265504 0.137704 0.898112 -0.417653 -0.2283 0.439096 0.86895 
0.965316 -0.024136 0.259961 0.135226 0.897968 -0.418768 -0.22333 0.439398 0.870089 
0.96522 -0.0233187 0.2604 0.134982 0.897446 -0.419968 -0.223901 0.44051 0.86938 
0.976838 -0.0230536 0.212738 0.114105 0.897159 -0.426718 -0.181022 0.441108 0.879008 
0.977113 -0.0231217 0.211465 0.113653 0.897044 -0.427076 -0.179818 0.441335 0.879142 
0.982737 -0.0234052 0.183527 0.101753 0.896846 -0.430481 -0.15452 0.441724 0.883745 
0.982678 -0.024177 0.183746 0.102571 0.896712 -0.430566 -0.154357 0.441954 0.883659 
0.983509 -0.0243653 0.179207 0.100766 0.896656 -0.431105 -0.150184 0.442054 0.884327 
0.988689 -0.0241661 0.148021 0.0869117 0.896649 -0.434129 -0.122232 0.442083 0.888607 
0.988767 -0.024215 0.147499 0.0866572 0.896898 -0.433666 -0.121789 0.441575 0.88892 
0.989889 -0.0243496 0.139746 0.0832995 0.897188 -0.433723 -0.114817 0.440978 0.890143 
0.996389 -0.0253297 0.0810383 0.0583826 0.897406 -0.437328 -0.0616464 0.44048 0.895644 
0.999209 -0.0240898 0.0316492 0.0355666 0.89737 -0.439845 -0.0178053 0.440622 0.897516 
0.9997 -0.0245506 1.30631e-008 0.0220345 0.897226 -0.441024 0.0108276 0.440891 0.897496 
0.999553 -0.0242014 -0.0175308 0.0139875 0.897291 -0.441217 0.0264083 0.440775 0.897229 
0.998613 -0.0239307 -0.0468926 0.000784814 0.897383 -0.441252 0.0526398 0.440604 0.896158 
0.998195 -0.0237789 -0.0551377 -0.00301367 0.897249 -0.441514 0.0599721 0.440884 0.895558 
0.99628 -0.0227131 -0.0831281 -0.0163969 0.897055 -0.441615 0.0846005 0.441336 0.893346 
0.99573 -0.0220681 -0.0896296 -0.0199368 0.896663 -0.442264 0.0901269 0.442163 0.892396 
0.99562 -0.0235995 -0.0904604 -0.0190013 0.896336 -0.442967 0.0915359 0.442746 0.891962 
0.995655 -0.0251336 -0.089655 -0.0173038 0.896161 -0.443388 0.0914901 0.443014 0.891835 
0.99572 -0.0274981 -0.088245 -0.0146558 0.895676 -0.444467 0.0912612 0.443858 0.891439 
0.995783 -0.0301885 -0.0866276 -0.0116318 0.895131 -0.445653 0.090997 0.444782 0.891005 
0.99578 -0.0329864 -0.0856484 -0.00878076 0.89466 -0.446663 0.0913599 0.44553 0.890594 
0.995783 -0.0356943 -0.0845169 -0.00597238 0.894042 -0.447945 0.0915515 0.44656 0.890058 
0.99579 -0.037193 -0.0837693 -0.00436543 0.893681 -0.448682 0.09155 0.447159 0.889757 
0.995813 -0.0375179 -0.0833634 -0.00389182 0.893677 -0.448695 0.0913339 0.44714 0.889789 
0.995841 -0.037523 -0.0830195 -0.00374396 0.89362 -0.448809 0.0910291 0.447253 0.889763 
0.995836 -0.0374892 -0.0831023 -0.00380195 0.893666 -0.448715 0.0910873 0.447163 0.889803 
0.995168 -0.0375061 -0.0907392 -0.00718146 0.893885 -0.448241 0.0979217 0.446727 0.889296 
0.995058 -0.0376808 -0.0918788 -0.00752555 0.893942 -0.44812 0.0990196 0.446596 0.88924 
0.995124 -0.0370466 -0.0914148 -0.00790321 0.893857 -0.44828 0.0983183 0.446817 0.889206 
0.995211 -0.0346773 -0.0913914 -0.00992767 0.894268 -0.447423 0.0972439 0.446187 0.889641 
0.995281 -0.0339658 -0.0908959 -0.0105412 0.893346 -0.449247 0.0964592 0.448085 0.888772 
0.995309 -0.0325388 -0.091116 -0.0124274 0.890954 -0.453924 0.0959507 0.452927 0.88637 
0.995335 -0.0317303 -0.0911113 -0.013199 0.890706 -0.454389 0.0955708 0.453472 0.886133 
0.995347 -0.0312812 -0.0911409 -0.013564 0.89094 -0.45392 0.0954005 0.453044 0.886369 
0.995362 -0.0302366 -0.0913206 -0.0145408 0.891115 -0.453545 0.0950906 0.452769 0.886543 
0.99526 -0.0293751 -0.0927141 -0.0159267 0.891201 -0.453328 0.0959429 0.452656 0.886509 
0.992923 -0.0293913 -0.11506 -0.026002 0.891569 -0.452138 0.115874 0.451931 0.884495 
0.989306 -0.0289933 -0.142951 -0.0390292 0.891691 -0.450958 0.140543 0.451715 0.881023 
0.986044 -0.0285598 -0.164017 -0.0489509 0.891896 -0.449584 0.159127 0.451338 0.878052 
0.983201 -0.0282841 -0.180324 -0.0566047 0.891971 -0.448536 0.173529 0.451208 0.875385 
0.980126 -0.0279241 -0.196404 -0.0642338 0.892037 -0.447376 0.187692 0.4511 0.872514 
0.976763 -0.0282418 -0.212458 -0.0710888 0.892474 -0.445464 0.202192 0.450215 0.869727 
0.972349 -0.0292491 -0.231697 -0.0787776 0.892897 -0.443319 0.219847 0.449313 0.865901 
0.96212 -0.0301715 -0.270956 -0.0956968 0.893245 -0.439267 0.255284 0.448557 0.856521 
0.951172 -0.0310239 -0.3071 -0.111239 0.893624 -0.434812 0.287921 0.447743 0.846539 
0.93891 -0.0319395 -0.342679 -0.126505 0.893955 -0.429933 0.320071 0.447019 0.835302 
0.928079 -0.0328114 -0.370936 -0.138488 0.894254 -0.425597 0.345675 0.446358 0.825394 
0.920058 -0.034135 -0.390291 -0.146151 0.894382 -0.422754 0.3635 0.446 0.817895 
0.918584 -0.0354757 -0.393631 -0.146437 0.894528 -0.422348 0.367096 0.445604 0.816504 
0.917032 -0.037105 -0.397085 -0.146498 0.894715 -0.421928 0.370934 0.445094 0.815047 
0.917228 -0.0394456 -0.396406 -0.144088 0.894863 -0.422445 0.371393 0.444596 0.815109 
0.917368 -0.04086 -0.395939 -0.142576 0.894984 -0.422701 0.371629 0.444224 0.815204 
0.917495 -0.0411806 -0.395611 -0.142203 0.894925 -0.422953 0.371459 0.444314 0.815233 
0.917522 -0.0409749 -0.395568 -0.142477 0.894782 -0.423163 0.371286 0.444621 0.815144 
0.917505 -0.0386347 -0.395843 -0.144894 0.894404 -0.423138 0.370393 0.445587 0.815023 
0.917661 -0.0348196 -0.395837 -0.14877 0.8936 -0.423496 0.368465 0.447514 0.814841 
0.918237 -0.0355634 -0.394433 -0.148211 0.892726 -0.425526 0.367254 0.449193 0.814464 
0.918764 -0.0383066 -0.392944 -0.146239 0.891469 -0.428834 0.366724 0.451461 0.813448 
0.919035 -0.0410311 -0.392038 -0.144397 0.89039 -0.431692 0.366779 0.453348 0.812374 
0.919316 -0.0423061 -0.39124 -0.143567 0.889623 -0.433544 0.366398 0.454732 0.81177 
0.919343 -0.0438568 -0.391006 -0.142807 0.888807 -0.435464 0.366626 0.456179 0.810855 
0.905581 -0.0445983 -0.421823 -0.157089 0.888487 -0.431178 0.394014 0.456731 0.797591 
0.899761 -0.0453426 -0.434021 -0.162643 0.888083 -0.429949 0.404942 0.457441 0.791688 
0.899948 -0.045842 -0.43358 -0.162366 0.887688 -0.430866 0.404636 0.458156 0.791431 
0.899992 -0.0461174 -0.433459 -0.16197 0.887815 -0.430757 0.404697 0.457886 0.791557 
0.9 -0.0462664 -0.433428 -0.16162 0.888054 -0.430394 0.40482 0.457406 0.791771 
0.888225 -0.0459992 -0.457101 -0.172789 0.88847 -0.425165 0.425679 0.456623 0.781213 
0.87747 -0.0439991 -0.477608 -0.183974 0.88874 -0.419875 0.442943 0.456296 0.771749 
0.85708 -0.0407913 -0.513567 -0.203129 0.889346 -0.409636 0.473447 0.455411 0.753955 
0.855606 -0.0361435 -0.516365 -0.2081 0.889376 -0.407069 0.473955 0.455746 0.753433 
0.752061 -0.0110552 0.659002 0.296987 0.898285 -0.323856 -0.588391 0.439275 0.678848 
0.751774 -0.0147284 0.659258 0.299862 0.898041 -0.321879 -0.587299 0.439666 0.679539 
0.751507 -0.0158686 0.659535 0.301206 0.897688 -0.32161 -0.586953 0.440347 0.679397 
0.750945 -0.0184696 0.660108 0.302302 0.898333 -0.318767 -0.587109 0.438928 0.680182 
0.75081 -0.0185402 0.66026 0.303653 0.897403 -0.320098 -0.586584 0.440823 0.679409 
0.750383 -0.0181609 0.660755 0.30402 0.897099 -0.320602 -0.58694 0.441457 0.678689 
0.750168 -0.018122 0.660999 0.303614 0.897463 -0.319967 -0.587424 0.440717 0.67875 
0.749984 -0.0177309 0.661219 0.302981 0.897815 -0.319579 -0.587986 0.440016 0.678719 
0.750051 -0.0157669 0.661193 0.301136 0.89822 -0.320186 -0.588848 0.439264 0.678458 
0.749273 -0.0135006 0.662123 0.299378 0.89871 -0.320458 -0.59073 0.438336 0.677421 
0.749327 -0.0111655 0.662107 0.297312 0.89909 -0.321316 -0.591705 0.437623 0.677031 
0.749819 -0.00913711 0.661579 0.295069 0.899584 -0.322 -0.592204 0.436653 0.677222 
0.750089 -0.00839892 0.661284 0.293971 0.899936 -0.322019 -0.592409 0.435941 0.677501 
0.750361 -0.00775273 0.660984 0.292623 0.900515 -0.321628 -0.592732 0.434756 0.67798 
0.750188 -0.00885832 0.661166 0.293353 0.900579 -0.320785 -0.59259 0.434604 0.678202 
0.749924 -0.00940852 0.661458 0.293878 0.900553 -0.320374 -0.592664 0.434644 0.678111 
0.743081 -0.00995725 0.669128 0.297211 0.900776 -0.316655 -0.599581 0.434172 0.672308 
0.715287 -0.0112921 0.698739 0.310065 0.90119 -0.302844 -0.626278 0.433276 0.648113 
0.666134 -0.0130721 0.745719 0.330146 0.901723 -0.279105 -0.668782 0.432117 0.604983 
0.60218 -0.014437 0.79823 0.352092 0.902155 -0.249299 -0.716527 0.431173 0.548342 
0.566341 -0.0148051 0.824038 0.362433 0.902447 -0.232877 -0.740203 0.430546 0.516459 
0.564952 -0.0144467 0.824997 0.3626 0.902477 -0.232503 -0.741182 0.430497 0.515095 
0.528231 -0.0153815 0.848962 0.372109 0.902905 -0.215171 -0.763222 0.429567 0.482666 
0.489153 -0.01533 0.872064 0.380929 0.903201 -0.197792 -0.784616 0.428945 0.447643 
0.486831 -0.0150607 0.873367 0.380969 0.903405 -0.19678 -0.786041 0.428525 0.445543 
0.486436 -0.0164058 0.873563 0.380461 0.904032 -0.194878 -0.786532 0.427152 0.445994 
0.48502 -0.0170922 0.874336 0.379519 0.904864 -0.192842 -0.787859 0.425359 0.445364 
0.481904 -0.0191586 0.876015 0.380546 0.905128 -0.189547 -0.789274 0.424707 0.443475 
0.481549 -0.0184438 0.876225 0.381632 0.904429 -0.190696 -0.788967 0.426225 0.442566 
0.481083 -0.0178865 0.876493 0.382165 0.904075 -0.19131 -0.788993 0.427 0.44177 
0.480872 -0.0163265 0.876639 0.381206 0.904277 -0.192266 -0.789585 0.426635 0.441066 
0.480737 -0.0147656 0.876741 0.380312 0.904433 -0.193302 -0.790099 0.426362 0.440409 
0.481085 -0.0117796 0.876596 0.378065 0.90494 -0.195325 -0.790965 0.425378 0.439806 
0.481557 -0.00937505 0.876365 0.376847 0.905 -0.197394 -0.791259 0.425312 0.439341 
0.482012 -0.00743639 0.876133 0.375829 0.905052 -0.199084 -0.791465 0.425238 0.439041 
0.481911 -0.00574444 0.876201 0.375796 0.904696 -0.200757 -0.791542 0.42602 0.438142 
0.481881 -0.00390065 0.876228 0.375506 0.904431 -0.202483 -0.791699 0.426602 0.437293 
0.85558 -0.0318996 -0.516686 -0.211465 0.889491 -0.40508 0.47251 0.455839 0.754286 
0.481694 -0.00247491 0.876337 0.375516 0.904119 -0.203856 -0.791808 0.427275 0.436438 
0.481269 -0.00127944 0.876572 0.375108 0.904114 -0.204628 -0.792259 0.42729 0.435602 
0.480938 -0.000678823 0.876755 0.375039 0.904053 -0.205025 -0.792493 0.427421 0.435048 
0.480433 -0.000533806 0.877032 0.37564 0.903758 -0.205223 -0.792515 0.428044 0.434395 
0.480137 -0.000713557 0.877195 0.37598 0.903654 -0.205059 -0.792533 0.428263 0.434145 
0.479527 -0.00121116 0.877527 0.376969 0.903312 -0.204749 -0.792433 0.428983 0.433619 
0.478466 -0.00233879 0.878103 0.378045 0.903125 -0.203587 -0.792561 0.429372 0.432999 
0.477733 -0.00354369 0.878499 0.379051 0.902951 -0.202488 -0.792523 0.429731 0.432712 
0.476873 -0.00456086 0.87896 0.379947 0.902806 -0.201453 -0.792612 0.430026 0.432257 
0.475988 -0.00551685 0.879435 0.380697 0.902726 -0.200386 -0.792784 0.43018 0.431787 
0.475196 -0.00651441 0.879856 0.381097 0.902834 -0.19914 -0.793066 0.429941 0.431506 
0.47443 -0.00736516 0.880263 0.381233 0.903045 -0.197915 -0.79346 0.429482 0.431239 
0.473693 -0.00821394 0.880653 0.381511 0.903176 -0.196786 -0.793767 0.429194 0.430961 
0.473039 -0.0088963 0.880997 0.381816 0.903241 -0.19589 -0.79401 0.429043 0.430665 
0.472322 -0.00934948 0.881378 0.382272 0.903181 -0.195276 -0.794217 0.429159 0.430165 
0.460903 -0.0106717 0.887387 0.384919 0.903379 -0.18906 -0.799629 0.42871 0.420477 
0.400092 -0.0123721 0.916392 0.396657 0.903742 -0.160977 -0.82619 0.427899 0.366487 
0.388991 -0.0119247 0.921164 0.398845 0.903526 -0.156729 -0.830427 0.428368 0.35622 
0.386977 -0.0119232 0.922012 0.400205 0.903 -0.156293 -0.830713 0.429475 0.354212 
0.360105 -0.0115187 0.932841 0.403868 0.903294 -0.144751 -0.840962 0.42887 0.329932 
0.359605 -0.0114458 0.933034 0.404245 0.903128 -0.144723 -0.840993 0.429218 0.329397 
0.359405 -0.0110133 0.933118 0.405033 0.902675 -0.14535 -0.840701 0.430182 0.328886 
0.355349 -0.0110219 0.93467 0.405859 0.902575 -0.143659 -0.842025 0.430393 0.325202 
0.242613 -0.0146673 0.970012 0.417982 0.903899 -0.0908751 -0.875461 0.427496 0.225428 
0.85552 -0.0303876 -0.516879 -0.212522 0.889701 -0.404064 0.472145 0.455532 0.754698 
0.844072 -0.0315097 -0.535304 -0.219947 0.890088 -0.399208 0.489047 0.454698 0.744368 
0.844233 -0.0329073 -0.534965 -0.218277 0.890483 -0.399242 0.489515 0.453824 0.744593 
0.841537 -0.0350046 -0.539066 -0.218077 0.890957 -0.398295 0.494226 0.452737 0.742138 
0.807851 -0.0376838 -0.58818 -0.238458 0.89173 -0.384647 0.538994 0.450994 0.7114 
0.766692 -0.0400085 -0.640768 -0.261091 0.892367 -0.368119 0.586528 0.449532 0.673726 
0.734101 -0.0420286 -0.677737 -0.27628 0.893248 -0.354651 0.620293 0.447595 0.644123 
0.699675 -0.0440448 -0.713103 -0.290916 0.894047 -0.340658 0.652552 0.445803 0.612729 
0.682218 -0.0468931 -0.729643 -0.296017 0.894779 -0.334283 0.668545 0.444041 0.596553 
0.682076 -0.0501805 -0.729558 -0.292655 0.895539 -0.335205 0.670168 0.442144 0.59614 
0.651436 -0.0503354 -0.757033 -0.304352 0.896659 -0.321518 0.694983 0.439852 0.568795 
0.637309 -0.050108 -0.768977 -0.308904 0.89759 -0.3145 0.705985 0.437973 0.556564 
0.636944 -0.0487228 -0.769369 -0.311144 0.896856 -0.314386 0.705331 0.439631 0.556087 
0.637104 -0.0458443 -0.769414 -0.311681 0.897653 -0.311569 0.70495 0.438313 0.557609 
0.63726 -0.0448712 -0.769341 -0.312296 0.897625 -0.311033 0.704537 0.438471 0.558007 
0.637149 -0.0437108 -0.7695 -0.313547 0.897342 -0.310591 0.704081 0.439167 0.558035 
0.636971 -0.0404142 -0.769827 -0.31526 0.897642 -0.307976 0.703476 0.438868 0.559031 
0.636881 -0.0391856 -0.769966 -0.316902 0.89713 -0.307785 0.70282 0.440026 0.558947 
0.636869 -0.0378255 -0.770044 -0.318647 0.896581 -0.307579 0.702042 0.441259 0.558952 
0.636833 -0.0357381 -0.770173 -0.320707 0.896126 -0.306765 0.701136 0.442357 0.559221 
0.637144 -0.0367598 -0.769867 -0.319856 0.896177 -0.307504 0.701242 0.44217 0.559236 
0.636982 -0.0376766 -0.769958 -0.319116 0.896318 -0.307863 0.701726 0.441809 0.558915 
0.617503 -0.0381607 -0.785643 -0.326126 0.896503 -0.299875 0.715775 0.441392 0.541148 
0.597285 -0.0372504 -0.801164 -0.333628 0.896853 -0.290426 0.729344 0.440758 0.523248 
0.593705 -0.0373103 -0.803818 -0.334332 0.897186 -0.288584 0.731941 0.440076 0.520189 
0.593638 -0.0382833 -0.803821 -0.333667 0.89725 -0.289153 0.732298 0.439861 0.519867 
0.580575 -0.0391655 -0.813264 -0.337303 0.897531 -0.284018 0.741053 0.43921 0.507873 
0.580411 -0.0397093 -0.813356 -0.336866 0.897633 -0.284212 0.741381 0.438951 0.507619 
0.546017 -0.040096 -0.836814 -0.347278 0.898163 -0.269633 0.762405 0.437832 0.476487 
0.470318 -0.0395648 -0.88161 -0.368749 0.898793 -0.237055 0.801764 0.436584 0.408129 
0.427864 -0.0392894 -0.902988 -0.379183 0.899084 -0.218789 0.820459 0.43601 0.369788 
0.370146 -0.0388049 -0.928163 -0.39184 0.899377 -0.193865 0.842291 0.43545 0.317696 
0.337 -0.0383506 -0.940723 -0.398331 0.899533 -0.179367 0.853091 0.435165 0.287866 
0.325066 -0.0385413 -0.944906 -0.400161 0.899705 -0.174361 0.856857 0.434794 0.277041 
0.324172 -0.0380206 -0.945234 -0.400376 0.899775 -0.173503 0.857095 0.434694 0.276459 
0.324296 -0.0385901 -0.945169 -0.399796 0.899953 -0.173918 0.857319 0.434275 0.276424 
0.324722 -0.0391526 -0.944999 -0.399602 0.899909 -0.174596 0.857248 0.434319 0.276574 
0.325362 -0.0397147 -0.944756 -0.399465 0.899814 -0.175397 0.857069 0.434464 0.2769 
0.325956 -0.0403246 -0.944525 -0.399318 0.899718 -0.176216 0.856912 0.434605 0.277166 
0.326507 -0.0412378 -0.944295 -0.398747 0.899785 -0.177168 0.856968 0.434382 0.277343 
0.327247 -0.0420073 -0.944005 -0.398673 0.899607 -0.178235 0.85672 0.434676 0.277647 
0.327902 -0.0430729 -0.943729 -0.398314 0.899524 -0.179451 0.856637 0.434743 0.2778 
0.328548 -0.0438028 -0.943472 -0.398421 0.899268 -0.180494 0.85634 0.4352 0.278001 
0.329228 -0.0445734 -0.943199 -0.398422 0.899053 -0.181558 0.856078 0.435564 0.278234 
0.330194 -0.0455715 -0.942813 -0.398818 0.898564 -0.183108 0.855522 0.436471 0.278525 
0.33116 -0.0465229 -0.942428 -0.399158 0.898107 -0.184596 0.854989 0.437308 0.278847 
0.332081 -0.04767 -0.942046 -0.39944 0.897645 -0.18623 0.8545 0.438135 0.279049 
0.333039 -0.0489555 -0.941641 -0.399863 0.897075 -0.188062 0.853929 0.43916 0.279186 
0.333934 -0.050405 -0.941247 -0.399915 0.896664 -0.189899 0.853555 0.439833 0.279269 
0.334733 -0.0518501 -0.940885 -0.399776 0.89636 -0.191622 0.853307 0.440286 0.279312 
0.335597 -0.0537229 -0.940473 -0.39942 0.896068 -0.193715 0.853134 0.440654 0.27926 
0.336528 -0.0558136 -0.940019 -0.398729 0.895892 -0.195939 0.853091 0.440751 0.279238 
0.336963 -0.056619 -0.939814 -0.398271 0.895914 -0.196772 0.853133 0.440605 0.27934 
0.337409 -0.0563805 -0.939669 -0.398196 0.895955 -0.196738 0.852993 0.440553 0.279852 
0.33775 -0.0558105 -0.93958 -0.398245 0.896012 -0.196379 0.852834 0.44051 0.280401 
0.338448 -0.0547808 -0.939389 -0.398329 0.896108 -0.195769 0.852518 0.440444 0.281465 
0.338886 -0.0539125 -0.939282 -0.398403 0.896203 -0.195181 0.852309 0.440357 0.282232 
0.338835 -0.0496767 -0.939533 -0.400413 0.896041 -0.191783 0.851387 0.441185 0.283719 
0.338778 -0.0442049 -0.939827 -0.402492 0.896072 -0.187232 0.850428 0.441703 0.285777 
0.338918 -0.0419582 -0.93988 -0.403656 0.895898 -0.185552 0.849821 0.442275 0.286699 
0.339484 -0.0410693 -0.939715 -0.404208 0.895728 -0.185172 0.849334 0.442702 0.287485 
0.339912 -0.0411257 -0.939559 -0.404386 0.895579 -0.185498 0.849078 0.442997 0.287787 
0.322992 -0.0409649 -0.945515 -0.408015 0.895421 -0.178174 0.853933 0.443332 0.2725 
0.30446 -0.0409205 -0.951647 -0.41114 0.895572 -0.170045 0.859226 0.443031 0.255841 
0.293276 -0.0407505 -0.955159 -0.413114 0.895597 -0.165053 0.862164 0.442996 0.245822 
0.293609 -0.0407874 -0.955056 -0.413085 0.895576 -0.16524 0.862065 0.443035 0.2461 
0.283192 -0.041203 -0.958178 -0.414429 0.895727 -0.161003 0.8649 0.442691 0.236588 
0.281808 -0.0415392 -0.958571 -0.414646 0.895678 -0.160715 0.865248 0.442759 0.235185 
0.268802 -0.0424937 -0.962258 -0.416353 0.895744 -0.155863 0.86856 0.442535 0.223085 
0.265271 -0.0432341 -0.963205 -0.416699 0.895739 -0.154967 0.869479 0.442475 0.219598 
0.265786 -0.0442049 -0.963019 -0.416186 0.8958 -0.155983 0.869568 0.442253 0.219693 
0.266426 -0.0452476 -0.962793 -0.415766 0.895791 -0.15715 0.869573 0.442165 0.21985 
0.266748 -0.0467926 -0.96263 -0.415119 0.89584 -0.158577 0.869782 0.441906 0.21954 
0.267153 -0.0485273 -0.962432 -0.414558 0.895804 -0.160241 0.869926 0.441792 0.2192 
0.267561 -0.0495776 -0.962264 -0.414323 0.895714 -0.161353 0.869913 0.44186 0.219117 
0.267689 -0.0507541 -0.962167 -0.413979 0.895679 -0.162422 0.870037 0.441795 0.218752 
0.267831 -0.0511054 -0.96211 -0.413641 0.895779 -0.162731 0.870154 0.441552 0.218778 
0.268209 -0.051282 -0.961995 -0.413471 0.895803 -0.163031 0.870119 0.441483 0.219059 
0.268113 -0.0514966 -0.962011 -0.413589 0.895715 -0.163215 0.870093 0.441637 0.218854 
0.268419 -0.0518329 -0.961907 -0.413377 0.895739 -0.163619 0.870098 0.441549 0.219007 
0.268448 -0.0519852 -0.961891 -0.413557 0.895619 -0.163821 0.870004 0.441774 0.218928 
0.259194 -0.051991 -0.964426 -0.414988 0.895681 -0.159814 0.872126 0.441648 0.210579 
0.244691 -0.0516774 -0.968223 -0.41713 0.895836 -0.153232 0.875288 0.441369 0.197647 
0.229956 -0.0516885 -0.971828 -0.419044 0.896019 -0.146811 0.878364 0.440999 0.184385 
0.215274 -0.0512392 -0.975209 -0.42106 0.896158 -0.140033 0.881117 0.440767 0.171345 
0.201623 -0.0505871 -0.978157 -0.42267 0.8964 -0.133482 0.883572 0.44035 0.159353 
0.197036 -0.0503856 -0.979101 -0.423305 0.896421 -0.131318 0.884302 0.440332 0.155298 
0.180547 -0.0499235 -0.982298 -0.424909 0.896748 -0.123674 0.887049 0.439716 0.140693 
0.164265 -0.0494961 -0.985174 -0.426495 0.896998 -0.116178 0.889449 0.439256 0.126235 
0.156138 -0.0490861 -0.986515 -0.427151 0.897186 -0.112247 0.890597 0.438917 0.119117 
0.147746 -0.0486367 -0.987829 -0.427579 0.897487 -0.10814 0.891823 0.438352 0.111804 
0.134134 -0.0481498 -0.989793 -0.42848 0.897805 -0.101742 0.893539 0.437754 0.0997947 
0.132337 -0.0477021 -0.990056 -0.42866 0.897853 -0.100558 0.893721 0.437705 0.0983716 
0.131595 -0.0479928 -0.990141 -0.428701 0.89784 -0.100496 0.893811 0.437699 0.0975767 
0.131057 -0.0483167 -0.990198 -0.428639 0.897864 -0.100542 0.89392 0.437614 0.0969609 
0.130304 -0.0486881 -0.990278 -0.428567 0.897899 -0.100538 0.894064 0.437501 0.0961341 
0.129403 -0.0487269 -0.990394 -0.428303 0.898068 -0.100146 0.894322 0.437148 0.0953425 
0.128619 -0.0492538 -0.99047 -0.428172 0.898118 -0.100262 0.894498 0.436987 0.0944261 
0.127759 -0.0500465 -0.990542 -0.428122 0.898106 -0.100594 0.894645 0.436924 0.0933145 
0.126749 -0.0510113 -0.990623 -0.427977 0.898128 -0.101007 0.894858 0.436766 0.0920049 
0.12599 -0.0519585 -0.99067 -0.427743 0.898183 -0.101506 0.895077 0.436541 0.0909375 
0.12503 -0.0529086 -0.990741 -0.427443 0.89828 -0.101914 0.895355 0.436228 0.0896964 
0.12407 -0.0535967 -0.990825 -0.427314 0.89832 -0.102101 0.89555 0.436061 0.0885521 
0.123225 -0.0539961 -0.990909 -0.427304 0.898326 -0.102089 0.895672 0.435999 0.0876237 
0.122348 -0.0547858 -0.990974 -0.427073 0.898401 -0.102396 0.895901 0.435747 0.0865204 
0.1587 -0.055687 -0.985755 -0.423456 0.898079 -0.118908 0.891908 0.436294 0.118944 
0.168238 -0.0560083 -0.984154 -0.422313 0.898025 -0.1233 0.890701 0.436365 0.127429 
0.167231 -0.0561583 -0.984317 -0.422119 0.898163 -0.122959 0.890983 0.436062 0.126495 
0.125146 -0.0544581 -0.990643 -0.426653 0.898498 -0.103291 0.895715 0.435587 0.0892087 
0.00383329 -0.052875 -0.998594 -0.430897 0.90105 -0.0493644 0.902393 0.430481 -0.0193305 
0.00286101 -0.0524761 -0.998618 -0.430835 0.901122 -0.0485868 0.902427 0.430379 -0.0200307 
0.0041858 -0.0528891 -0.998592 -0.431362 0.900819 -0.0495181 0.902169 0.430962 -0.0190438 
-0.0069257 -0.0601596 -0.998165 -0.430473 0.901143 -0.0513253 0.902577 0.429327 -0.0321382 
-0.0804805 -0.0518646 -0.995406 -0.432606 0.901504 -0.011995 0.897984 0.429653 -0.0949905 
-0.0343995 -0.0518452 -0.998062 -0.432441 0.901098 -0.0319036 0.901006 0.430505 -0.0534176 
0.0117718 -0.0174376 0.999779 0.427822 0.9038 0.010726 -0.903787 0.427601 0.0181005 
0.0105612 -0.0171939 0.999797 0.428002 0.903712 0.0110202 -0.903717 0.427798 0.0169036 
0.0260434 -0.0163245 0.999528 0.426886 0.904298 0.00364572 -0.90393 0.42659 0.0305196 
0.0281138 -0.0155863 0.999484 0.425609 0.904905 0.00213954 -0.904471 0.425329 0.0320727 
0.0275099 -0.01552 0.999501 0.423422 0.90593 0.00241273 -0.905515 0.423144 0.0314936 
0.0267975 -0.0146629 0.999534 0.422022 0.906584 0.00198527 -0.90619 0.421771 0.030482 
0.026508 -0.0143947 0.999545 0.421823 0.906677 0.00187065 -0.906291 0.421581 0.0301065 
0.0258115 -0.0153021 0.99955 0.421568 0.906792 0.00299604 -0.90643 0.421301 0.0298562 
0.0248034 -0.0162354 0.999561 0.42175 0.906701 0.00426205 -0.906373 0.421459 0.0293364 
0.0243593 -0.0163489 0.99957 0.421974 0.906596 0.00454487 -0.90628 0.421682 0.0289823 
0.0222139 -0.0173963 0.999602 0.422684 0.906254 0.00637893 -0.906005 0.422374 0.0274845 
0.023407 -0.0167419 0.999586 0.422499 0.906349 0.00528638 -0.906062 0.4222 0.0282878 
-0.0378739 -0.0180587 0.99912 0.420219 0.906847 0.032321 -0.906632 0.421073 -0.026757 
-0.172371 -0.019289 0.984843 0.411841 0.906817 0.0898429 -0.894805 0.421085 -0.148365 
-0.169163 -0.0189429 0.985406 0.411361 0.907209 0.0880574 -0.895637 0.420254 -0.145674 
-0.250467 -0.0214355 0.967888 0.40351 0.906466 0.124495 -0.880026 0.421735 -0.21839 
-0.222026 -0.0209497 0.974816 0.406379 0.906809 0.112046 -0.886318 0.421022 -0.192822 
-0.387507 -0.0172677 0.921706 0.382189 0.906843 0.177671 -0.83891 0.421114 -0.344808 
-0.387381 -0.0196596 0.92171 0.381558 0.906709 0.179703 -0.839256 0.421299 -0.343741 
-0.385995 -0.0244765 0.922176 0.380699 0.906328 0.183405 -0.840284 0.421865 -0.34052 
-0.387434 -0.0155077 0.921767 0.382435 0.907065 0.176004 -0.838832 0.420706 -0.345497 
-0.387287 -0.0132482 0.921864 0.382424 0.907513 0.173703 -0.838905 0.419815 -0.346402 
-0.387345 -0.0110716 0.921868 0.382716 0.907769 0.17171 -0.838745 0.419325 -0.347383 
-0.387503 -0.00956588 0.921819 0.383073 0.907855 0.170453 -0.838509 0.419175 -0.348132 
-0.388054 -0.00780482 0.921604 0.383664 0.907834 0.169235 -0.837984 0.419258 -0.349295 
-0.388531 -0.00641667 0.921414 0.384259 0.907746 0.168352 -0.83749 0.419472 -0.350222 
-0.389425 -0.00548544 0.921042 0.384399 0.907764 0.167934 -0.83701 0.419446 -0.351397 
-0.390358 -0.00479346 0.920651 0.384421 0.907794 0.167722 -0.836565 0.419389 -0.352523 
-0.414986 -0.00538941 0.909812 0.37847 0.908336 0.178009 -0.827374 0.418208 -0.374907 
-0.602474 -0.0126743 0.798038 0.322558 0.910716 0.257977 -0.730056 0.412838 -0.544595 
-0.648891 -0.0133186 0.760765 0.307642 0.909883 0.278331 -0.695914 0.41465 -0.586318 
-0.649528 -0.0142281 0.760204 0.307128 0.909718 0.27944 -0.695547 0.414984 -0.586518 
-0.649946 -0.0146474 0.759839 0.306993 0.909551 0.280127 -0.695216 0.415333 -0.586663 
-0.650517 -0.0150623 0.759343 0.306894 0.909332 0.280949 -0.694726 0.4158 -0.586913 
-0.650698 -0.0154035 0.75918 0.306998 0.909102 0.281575 -0.69451 0.416287 -0.586822 
-0.650608 -0.0153505 0.759258 0.306474 0.909456 0.281005 -0.694825 0.415517 -0.586995 
-0.655831 -0.0160424 0.754738 0.302211 0.910586 0.281961 -0.691777 0.413009 -0.592342 
-0.668292 -0.0172179 0.7437 0.295443 0.911362 0.286586 -0.682715 0.411244 -0.603969 
-0.668458 -0.017802 0.743538 0.296093 0.910706 0.287999 -0.682271 0.412671 -0.603497 
-0.668488 -0.0183985 0.743496 0.297668 0.90951 0.290145 -0.681555 0.415273 -0.60252 
-0.668444 -0.0184159 0.743534 0.298517 0.908997 0.290883 -0.681227 0.416396 -0.602116 
-0.668407 -0.0173692 0.743593 0.299916 0.908559 0.290813 -0.680649 0.417397 -0.602077 
-0.66358 -0.0149977 0.747955 0.303682 0.908319 0.287637 -0.683695 0.41801 -0.598187 
-0.659376 -0.0129878 0.751701 0.306784 0.908171 0.284796 -0.686372 0.418398 -0.594842 
-0.659206 -0.0114923 0.751875 0.308021 0.908022 0.283936 -0.685982 0.418765 -0.595034 
-0.654954 -0.00961501 0.755608 0.311058 0.907846 0.281175 -0.688679 0.419194 -0.591607 
-0.647959 -0.00780058 0.761635 0.315179 0.907576 0.277433 -0.693406 0.419816 -0.585614 
-0.644862 -0.00634228 0.764273 0.317384 0.907449 0.275326 -0.695285 0.420115 -0.583167 
-0.641776 -0.00519249 0.766874 0.319445 0.907285 0.273478 -0.697193 0.420486 -0.580615 
-0.639448 -0.00393761 0.768824 0.321229 0.907153 0.271819 -0.698511 0.420783 -0.578813 
-0.639407 -0.00276532 0.768864 0.322186 0.906999 0.2712 -0.698109 0.421124 -0.579051 
-0.639227 -0.00169898 0.769017 0.322849 0.907012 0.270365 -0.697967 0.421101 -0.579238 
-0.684509 -0.00376799 0.728995 0.304328 0.907208 0.290446 -0.662444 0.420666 -0.619845 
-0.833248 -0.0092824 0.552823 0.223113 0.909192 0.351554 -0.505886 0.416273 -0.755511 
-0.834717 -0.00774426 0.550625 0.223766 0.908859 0.352 -0.503166 0.417032 -0.756908 
-0.849216 -0.00786773 0.527987 0.213782 0.909156 0.357397 -0.482834 0.416381 -0.770388 
-0.855066 -0.00676091 0.518476 0.210763 0.909055 0.359441 -0.473753 0.416621 -0.775877 
-0.87077 -0.00918473 0.491605 0.196669 0.909856 0.365354 -0.450646 0.414822 -0.790469 
-0.876819 -0.0111438 0.480691 0.189899 0.910431 0.367497 -0.441732 0.41351 -0.796168 
-0.898055 -0.0143716 0.439648 0.169574 0.910906 0.376159 -0.405884 0.412365 -0.815607 
-0.932586 -0.0193248 0.360429 0.131822 0.911354 0.389944 -0.336014 0.411169 -0.847369 
-0.967491 -0.0257901 0.251588 0.0805491 0.911561 0.403198 -0.239736 0.410356 -0.87985 
-0.989792 -0.0321801 0.138843 0.0280492 0.911141 0.41114 -0.139736 0.410836 -0.900937 
-0.99417 -0.0330866 0.102618 0.0122792 0.910817 0.412629 -0.107119 0.411484 -0.905101 
-0.994124 -0.0312394 0.103642 0.0144831 0.910458 0.413349 -0.107274 0.412421 -0.904655 
-0.994033 -0.0296966 0.10496 0.0165559 0.910007 0.414261 -0.107817 0.413527 -0.904086 
-0.993956 -0.0284166 0.106038 0.0181993 0.9099 0.414428 -0.108261 0.413853 -0.903884 
-0.993881 -0.0266746 0.107187 0.020312 0.909717 0.414733 -0.108573 0.414372 -0.903608 
-0.994018 -0.0252568 0.106264 0.0212095 0.909744 0.414627 -0.107145 0.4144 -0.903766 
-0.994774 -0.0243222 0.099161 0.0190839 0.909802 0.414603 -0.100301 0.414329 -0.904583 
-0.994717 -0.0245833 0.0996662 0.0191018 0.909618 0.415007 -0.10086 0.414718 -0.904343 
-0.994504 -0.0269305 0.10118 0.017282 0.91088 0.412309 -0.103266 0.411792 -0.905408 
-0.994341 -0.0282212 0.10242 0.0165376 0.911201 0.411631 -0.104942 0.410995 -0.905577 
-0.994165 -0.0303576 0.103512 0.0150567 0.911139 0.411825 -0.106816 0.41098 -0.905365 
-0.993973 -0.0316939 0.104942 0.0144094 0.911215 0.411679 -0.108672 0.41071 -0.905267 
-0.993812 -0.0323161 0.106276 0.0144521 0.910998 0.412157 -0.110137 0.411143 -0.904893 
-0.993643 -0.0327598 0.107704 0.0147949 0.910423 0.413414 -0.111599 0.412379 -0.904151 
