# Camera parameter file. 

# The format of each camera is as follows:
# Filename (of the undistorted image in visualize folder)
# Original filename
# Focal Length (of the undistorted image)
# 2-vec Principal Point (image center)
# 3-vec Translation T (as in P = K[R T])
# 3-vec Camera Position C (as in P = K[R -RC])
# 3-vec Axis Angle format of R
# 4-vec Quaternion format of R
# 3x3 Matrix format of R
# [Normalized radial distortion] = [radial distortion] * [focal length]^2
# 3-vec Lat/Lng/Alt from EXIF

# The nubmer of cameras in this reconstruction
105

00000000.jpg
E:\zhaochen\VisualSFM_windows_64bit\library\main building\930.jpg
1063.87451172
640 360
-0.521578669548 0.664976775646 -3.50479006767
1.36266946793 0.00553184747696 3.33781099319
0.200819441902 -0.246031807801 0.0235952595424
0.987350704279 0.0999859920978 -0.122496776993 0.0117478437934
0.969715297222 -0.0476943403482 -0.23954513669
-0.00129737297539 0.979732215405 -0.200320571661
0.244243979454 0.194564387202 0.949998140335
-0.00753627215346
0 0 0

00000001.jpg
E:\zhaochen\VisualSFM_windows_64bit\library\main building\970.jpg
1064.49182129
640 360
-1.38596367836 0.599717378616 -3.3042318821
2.14398956299 -0.00976783037186 2.9328789711
0.200070087802 -0.24319928315 0.0220318292379
0.987569484801 0.0996202036761 -0.121095374063 0.0109702321829
0.97043389082 -0.0457948185503 -0.236994534731
-0.00245935237035 0.979914307594 -0.19942073524
0.241365849972 0.194106757641 0.950825750828
-0.00634418889325
0 0 0

00000002.jpg
E:\zhaochen\VisualSFM_windows_64bit\library\main building\940.jpg
1064.07495117
640 360
-0.716493010521 0.646949887276 -3.43597912788
1.53224635124 0.00163000822067 3.22337675095
0.200990236911 -0.245178752268 0.0232335325211
0.987396507635 0.100072566158 -0.122073924006 0.0115679211887
0.969932377338 -0.0472768433392 -0.23875553906
-0.00158834340982 0.979704976082 -0.200446739793
0.243385925889 0.194798469543 0.950170099735
-0.00722610217343
0 0 0

00000003.jpg
E:\zhaochen\VisualSFM_windows_64bit\library\main building\950.jpg
1064.24621582
640 360
-0.926754117012 0.630913317204 -3.38075876236
1.7204310894 -0.00275611877441 3.11875009537
0.200906131577 -0.244385617167 0.022674402712
0.987452080023 0.100032554249 -0.121681291233 0.0112897421376
0.970135867596 -0.0466403849423 -0.238050475717
-0.00204806751572 0.979734838009 -0.200302317739
0.242567300797 0.194807097316 0.95037573576
-0.00693518810307
0 0 0

00000004.jpg
E:\zhaochen\VisualSFM_windows_64bit\library\main building\960.jpg
1064.36767578
640 360
-1.15021407604 0.615475773811 -3.33734083176
1.92460656166 -0.00689607858658 3.02250981331
0.200530256018 -0.243665090156 0.0222282424719
0.987517321712 0.0998475873489 -0.121325189806 0.0110678379707
0.970318734646 -0.046087462455 -0.237411379814
-0.00236873561516 0.979818701744 -0.199888020754
0.24183152616 0.194516867399 0.950624406338
-0.00648196554021
0 0 0

00000005.jpg
E:\zhaochen\VisualSFM_windows_64bit\library\main building\920.jpg
1063.92712402
640 360
-0.339688926935 0.686622977257 -3.58886575699
1.21016657352 0.00832903385162 3.46443009377
0.200735181405 -0.247071394235 0.0243657844308
0.987286326976 0.099941882182 -0.123011721216 0.0121312185528
0.969444155693 -0.0485420115292 -0.240470811725
-0.000634066702332 0.979731619358 -0.20032709837
0.245320349932 0.194357916713 0.949761390686
-0.00670113406255
0 0 0

00000006.jpg
E:\zhaochen\VisualSFM_windows_64bit\library\main building\910.jpg
1063.60913086
640 360
-0.176064655185 0.71092581749 -3.6892850399
1.07936775684 0.0100957751274 3.60307693481
0.200393193264 -0.248043228869 0.0251781083503
0.987238669523 0.0997700189613 -0.123493603972 0.0125354574504
0.969187736511 -0.0493929497898 -0.241334170103
0.000109003551188 0.979780256748 -0.200089752674
0.246336475015 0.193897530437 0.949592769146
-0.00757368153643
0 0 0

00000007.jpg
E:\zhaochen\VisualSFM_windows_64bit\library\main building\900.jpg
1063.57409668
640 360
-0.0291748344898 0.736555278301 -3.80821347237
0.969524204731 0.0125330686569 3.75576138496
0.199814473624 -0.249005594954 0.0260781639481
0.987201975867 0.0994806669846 -0.123971212994 0.0129834095411
0.968928456306 -0.0503000803292 -0.242186427116
0.000968909880612 0.97987228632 -0.199634283781
0.247352078557 0.19319576025 0.949470221996
-0.00781954118972
0 0 0

00000008.jpg
E:\zhaochen\VisualSFM_windows_64bit\library\main building\890.jpg
1063.43444824
640 360
0.101308889687 0.767169654369 -3.94686532021
0.881283044815 0.0137754678726 3.92425084114
0.199407170269 -0.250111564239 0.0270487751252
0.987146925278 0.0992760521069 -0.124519537841 0.0134663944388
0.968628227711 -0.0513101816177 -0.243164435029
0.00186305784155 0.979928612709 -0.199353948236
0.248511880636 0.192646250129 0.949279367924
-0.00825476749587
0 0 0

00000009.jpg
E:\zhaochen\VisualSFM_windows_64bit\library\main building\880.jpg
1063.2199707
640 360
0.213519245386 0.801319658756 -4.10927963257
0.817329764366 0.0151891708374 4.11164617538
0.199002160104 -0.251323971009 0.0282882271415
0.98708279132 0.0990722845704 -0.125120450764 0.014083160142
0.968296229839 -0.0525945425034 -0.244218438864
0.003010437591 0.979974031448 -0.199109345675
0.249798536301 0.19206084311 0.949059486389
-0.00812985617857
0 0 0

00000010.jpg
E:\zhaochen\VisualSFM_windows_64bit\library\main building\870.jpg
1063.18920898
640 360
0.305561333895 0.840015292168 -4.29174757004
0.777251362801 0.0156373977661 4.31437015533
0.198756085104 -0.252310327485 0.0298364178161
0.987022133079 0.0989477644445 -0.125608948465 0.0148536173893
0.96800583601 -0.0541791506112 -0.245018258691
0.00446424586698 0.979979813099 -0.199058845639
0.250896990299 0.191595688462 0.948865115643
-0.0084821546907
0 0 0

00000011.jpg
E:\zhaochen\VisualSFM_windows_64bit\library\main building\860.jpg
1063.10083008
640 360
0.380056291819 0.883916079998 -4.49420213699
0.759157180786 0.0137180089951 4.53289461136
0.198476323354 -0.253264078547 0.0318247463013
0.986960444445 0.098806445035 -0.126081150806 0.0158431494146
0.967707872391 -0.0561885088682 -0.245743662119
0.00635773828253 0.979973256588 -0.199031114578
0.252004772425 0.191041097045 0.948682546616
-0.00797917358383
0 0 0

00000012.jpg
E:\zhaochen\VisualSFM_windows_64bit\library\main building\850.jpg
1062.94677734
640 360
0.451634198427 0.931844115257 -4.71066761017
0.748662114143 0.0107508897781 4.76467323303
0.198228546839 -0.254278049537 0.0323709665189
0.986904217769 0.0986812348554 -0.126583543718 0.0161147675271
0.967436134815 -0.05679038167 -0.246671512723
0.00682454649359 0.980005800724 -0.198857665062
0.253031820059 0.190698042512 0.948477804661
-0.00780515956932
0 0 0

00000013.jpg
E:\zhaochen\VisualSFM_windows_64bit\library\main building\840.jpg
1062.39135742
640 360
0.521887123585 0.976793289185 -4.94277620316
0.742631316185 0.0101544857025 5.01058769226
0.197302068194 -0.255043390327 0.0327742269465
0.986897755422 0.0982198065858 -0.126964267016 0.01631548144
0.967228233814 -0.0571442618966 -0.247396379709
0.00726258615032 0.980173289776 -0.198008626699
0.253806620836 0.18972299993 0.948467195034
-0.00754866066944
0 0 0

00000014.jpg
E:\zhaochen\VisualSFM_windows_64bit\library\main building\830.jpg
1062.18444824
640 360
0.597564220428 1.01994287968 -5.1787853241
0.732059180737 0.00876832008362 5.26129961014
0.195766820389 -0.255647170426 0.0326185264361
0.986936030624 0.0974567891773 -0.127266471113 0.0162381799319
0.967080235481 -0.0568580329418 -0.248042598367
0.00724614644423 0.980478405952 -0.196500375867
0.254372864962 0.188234090805 0.948612272739
-0.00839037339815
0 0 0

00000015.jpg
E:\zhaochen\VisualSFM_windows_64bit\library\main building\820.jpg
1062.01940918
640 360
0.684038758278 1.06839537621 -5.40695047379
0.708514451981 0.00604784488678 5.5084066391
0.195219339593 -0.256030880611 0.0319097060912
0.986943708133 0.097184492103 -0.1274578182 0.0158853553449
0.967005074024 -0.056129783392 -0.248499676585
0.00658202264458 0.980605721474 -0.195880562067
0.254675090313 0.18778192997 0.948620736599
-0.00823116059878
0 0 0

00000016.jpg
E:\zhaochen\VisualSFM_windows_64bit\library\main building\810.jpg
1061.41101074
640 360
0.788567841053 1.11490392685 -5.62198066711
0.665513336658 0.00243854522705 5.74705553055
0.194508260169 -0.256582879648 0.0308630930991
0.986951196856 0.0968307442797 -0.127732936299 0.0153643669064
0.96689760685 -0.0550647340715 -0.249156937003
0.00559078715742 0.980776190758 -0.195059508085
0.255107760429 0.187209367752 0.948616862297
-0.00847211064942
0 0 0

00000017.jpg
E:\zhaochen\VisualSFM_windows_64bit\library\main building\800.jpg
1060.76574707
640 360
0.910903334618 1.16088891029 -5.82134628296
0.600041866302 -0.00159478187561 5.9754076004
0.194043305272 -0.256868772348 0.0298435576231
0.986963184734 0.0965996672695 -0.127875774462 0.0148568781205
0.966855406761 -0.0540319047868 -0.249547049403
0.00462086219341 0.980896294117 -0.194480270147
0.25528767705 0.186880990863 0.948633611202
-0.00873447108953
0 0 0

00000018.jpg
E:\zhaochen\VisualSFM_windows_64bit\library\main building\790.jpg
1060.59643555
640 360
1.05591917038 1.20113658905 -6.00357198715
0.50975215435 -0.00407123565674 6.19199037552
0.193324628263 -0.257339127163 0.0284939967575
0.986977452232 0.0962423521818 -0.128110541989 0.0141851004481
0.96677428484 -0.0526600815356 -0.250154167414
0.00334141566418 0.981073021889 -0.193612620234
0.255614697933 0.186343505979 0.948650658131
-0.00867742897463
0 0 0

00000019.jpg
E:\zhaochen\VisualSFM_windows_64bit\library\main building\780.jpg
1060.60791016
640 360
1.22138273716 1.23857760429 -6.16726589203
0.394767045975 -0.00582110881805 6.39571857452
0.192745204163 -0.257753451586 0.0273253126249
0.986986895844 0.0959542027211 -0.128317210552 0.0136033402149
0.966700077057 -0.0514777749777 -0.250684201717
0.00222749914974 0.981216669083 -0.192902207375
0.255905419588 0.185919955373 0.94865578413
-0.00865211765029
0 0 0

00000020.jpg
E:\zhaochen\VisualSFM_windows_64bit\library\main building\770.jpg
1060.43444824
640 360
1.40705740452 1.27226924896 -6.31281042099
0.256040334702 -0.00508642196655 6.58669424057
0.192452344447 -0.258167647288 0.0258446136511
0.986984004644 0.0958083156868 -0.128523284674 0.0128661924624
0.966633200645 -0.0500246882439 -0.251235514879
0.000770216400269 0.981310665607 -0.192429706454
0.256166189909 0.185815393925 0.948605835438
-0.00856318434707
0 0 0

00000021.jpg
E:\zhaochen\VisualSFM_windows_64bit\library\main building\760.jpg
1060.56958008
640 360
1.61418831348 1.30415189266 -6.435587883
0.0923790931702 -0.00486266613007 6.76126861572
0.192396268539 -0.258778259452 0.024227570804
0.986957651305 0.0957795529635 -0.128826126386 0.0120610753973
0.966517984867 -0.0484853945673 -0.251981496811
-0.000870311981998 0.98136228323 -0.192168235779
0.256602227688 0.185953214765 0.948461353779
-0.00832422753169
0 0 0

00000022.jpg
E:\zhaochen\VisualSFM_windows_64bit\library\main building\750.jpg
1060.78527832
640 360
1.84198498726 1.33298695087 -6.53580904007
-0.0973896980286 -0.00438511371613 6.9193315506
0.192496404327 -0.259301310923 0.0226335271509
0.986928473842 0.0958284652702 -0.129085250995 0.0112674113478
0.966420888901 -0.0469802953303 -0.252636313438
-0.00249977898784 0.981381595135 -0.192060649395
0.256955325603 0.186242714524 0.948308765888
-0.00804017640905
0 0 0

00000023.jpg
E:\zhaochen\VisualSFM_windows_64bit\library\main building\740.jpg
1060.27648926
640 360
2.08385109901 1.35963106155 -6.61813926697
-0.307691693306 -0.0032172203064 7.06372451782
0.192922177632 -0.259425607178 0.020710921957
0.986910423394 0.0960398421219 -0.12914634627 0.0103102385602
0.966430723667 -0.0451569221914 -0.252931386232
-0.00445579458028 0.981341958046 -0.192228600383
0.256892114878 0.186902284622 0.948196053505
-0.00768234727804
0 0 0

00000024.jpg
E:\zhaochen\VisualSFM_windows_64bit\library\main building\730.jpg
1060.63122559
640 360
2.34372401237 1.38305675983 -6.6688170433
-0.541429877281 -0.00247228145599 7.18234109879
0.19360704068 -0.259862340862 0.0191318405819
0.986857123198 0.0963790553392 -0.129361446994 0.00952397555224
0.96635144949 -0.0437330938876 -0.253486692905
-0.006137881428 0.98124140501 -0.192688703537
0.257158368826 0.187760725617 0.947955071926
-0.00727594388176
0 0 0

00000025.jpg
E:\zhaochen\VisualSFM_windows_64bit\library\main building\720.jpg
1059.80053711
640 360
2.6043150425 1.40975809097 -6.70239782333
-0.785948991776 -0.000988125801086 7.2852230072
0.195204181399 -0.259551314274 0.0183520524545
0.986803789922 0.0971723859119 -0.129204304405 0.0091356276828
0.96644705534 -0.0431402772665 -0.253223061562
-0.00707998918369 0.980950593948 -0.194140940905
0.256774127483 0.18941937387 0.947729229927
-0.00769242156401
0 0 0

00000026.jpg
E:\zhaochen\VisualSFM_windows_64bit\library\main building\710.jpg
1059.69934082
640 360
2.87172865868 1.43000257015 -6.70888519287
-1.03972756863 0.0011693239212 7.36342048645
0.196616158303 -0.25987346961 0.0179097612757
0.986715848651 0.0978723792752 -0.129360857219 0.0089151927463
0.966373741627 -0.0429152324796 -0.253539711237
-0.00772818457335 0.980684280396 -0.195451021194
0.257029920816 0.19083788991 0.947374641895
-0.00879501481651
0 0 0

00000027.jpg
E:\zhaochen\VisualSFM_windows_64bit\library\main building\700.jpg
1059.86694336
640 360
3.13826107979 1.44817149639 -6.71257257462
-1.28949081898 -0.000931143760681 7.43921422958
0.197031747341 -0.260796112676 0.0181216867845
0.986634899814 0.0980765898587 -0.129816609378 0.00902044095075
0.966134130955 -0.0432636849582 -0.254393786192
-0.00766415754333 0.980600655079 -0.19587354362
0.257932603359 0.191189602017 0.947058916092
-0.00944412947556
0 0 0

00000028.jpg
E:\zhaochen\VisualSFM_windows_64bit\library\main building\690.jpg
1059.36865234
640 360
3.39350104332 1.4674654007 -6.723092556
-1.52804505825 -0.00218617916107 7.51893949509
0.19760538627 -0.261493352132 0.0182649750616
0.986560378726 0.098359671689 -0.130160420979 0.00909153836529
0.965951919556 -0.0435437597334 -0.255033731461
-0.00766635360196 0.980485439301 -0.196442142129
0.258610725403 0.191708877683 0.946768164635
-0.0108704808525
0 0 0

00000029.jpg
E:\zhaochen\VisualSFM_windows_64bit\library\main building\680.jpg
1059.34838867
640 360
3.64013648033 1.48502635956 -6.73549985886
-1.75721824169 -0.00245881080627 7.59836769104
0.198032166577 -0.262265492016 0.01848245288
0.986488472775 0.0985697274556 -0.130541611072 0.00919956780045
0.965750038624 -0.0438854470849 -0.255742043257
-0.0075843767263 0.980400979519 -0.196877732873
0.259369134903 0.192073866725 0.946487009525
-0.0116650693655
0 0 0

00000030.jpg
E:\zhaochen\VisualSFM_windows_64bit\library\main building\670.jpg
1059.36071777
640 360
3.87878799438 1.50165855885 -6.75257062912
-1.97563302517 -0.00282526016235 7.68076992035
0.19824993153 -0.263258679365 0.0186173886091
0.986411969238 0.0986755867066 -0.131032603348 0.00926649371211
0.965489923954 -0.0441405549645 -0.256675392389
-0.0075782337226 0.98035556078 -0.197097927332
0.260333120823 0.192241191864 0.946188807487
-0.0117591414153
0 0 0

00000031.jpg
E:\zhaochen\VisualSFM_windows_64bit\library\main building\660.jpg
1059.59509277
640 360
4.10523319244 1.51804745197 -6.77100467682
-2.1821641922 -0.00335502624512 7.76158714294
0.198384571701 -0.264213260921 0.0188705243964
0.98634164631 0.0987402721912 -0.131504627987 0.00939226623985
0.965239167213 -0.0444976463914 -0.257562428713
-0.00744171300903 0.980325520039 -0.197253540158
0.26127153635 0.192313030362 0.945914685726
-0.0124331260158
0 0 0

00000032.jpg
E:\zhaochen\VisualSFM_windows_64bit\library\main building\650.jpg
1058.95874023
640 360
4.31681203842 1.53732049465 -6.79892492294
-2.3731341362 -0.00263142585754 7.84805774689
0.198934933451 -0.264965800515 0.0190375547295
0.986264119102 0.0990116238868 -0.131875753184 0.00947515439294
0.965040504932 -0.0448045022786 -0.25825253129
-0.00742448307574 0.980215132236 -0.197802320123
0.262004762888 0.192804127932 0.94561201334
-0.0131223113069
0 0 0

00000033.jpg
E:\zhaochen\VisualSFM_windows_64bit\library\main building\640.jpg
1058.39611816
640 360
4.51529073715 1.55948340893 -6.83096790314
-2.5508005619 -0.00254023075104 7.93571615219
0.199528704423 -0.265686989678 0.0196305253438
0.98618416066 0.0993044848869 -0.132231148032 0.00977001887003
0.96484041214 -0.0455323569477 -0.258868038654
-0.00699220551178 0.980087578297 -0.198448747396
0.262749016285 0.193281292915 0.945308804512
-0.0137415995897
0 0 0

00000034.jpg
E:\zhaochen\VisualSFM_windows_64bit\library\main building\630.jpg
1058.56323242
640 360
4.71514320374 1.57883739471 -6.86027526855
-2.72305703163 -0.00220572948456 8.0233297348
0.199881195777 -0.267316552279 0.020015179593
0.986056526484 0.0994756583002 -0.133036476538 0.00996103289388
0.964405119419 -0.0461120456457 -0.260381132364
-0.00682347966358 0.98001152277 -0.198827520013
0.26434481144 0.19352696836 0.944813251495
-0.0150788936712
0 0 0

00000035.jpg
E:\zhaochen\VisualSFM_windows_64bit\library\main building\620.jpg
1058.96386719
640 360
4.90055847168 1.58959698677 -6.90878009796
-2.89015865326 0.00153696537018 8.11915206909
0.199617639991 -0.267134980788 0.0196111336947
0.986083614144 0.099345396337 -0.132947321404 0.0097600384896
0.964459896088 -0.0456637889147 -0.260255068541
-0.00716693280265 0.98007184267 -0.198520928621
0.264133632183 0.193330541253 0.944911837578
-0.0150458717989
0 0 0

00000036.jpg
E:\zhaochen\VisualSFM_windows_64bit\library\main building\610.jpg
1058.79907227
640 360
5.00661706924 1.61239147186 -7.02376747131
-3.05075597763 0.00507628917694 8.2275428772
0.199293305942 -0.256400552499 0.0207084885919
0.986793687683 0.0992076106104 -0.127635426852 0.010308623578
0.967207312584 -0.0456698387861 -0.24985422194
-0.00497990008444 0.98010379076 -0.198426231742
0.253945112228 0.19316354394 0.947736024857
-0.0163995772962
0 0 0

00000037.jpg
E:\zhaochen\VisualSFM_windows_64bit\library\main building\600.jpg
1057.37817383
640 360
5.14590501785 1.64175415039 -7.12537956238
-3.19510531425 0.00586867332458 8.35093307495
0.199328366102 -0.252221254006 0.0217985979913
0.987050530295 0.0992336110711 -0.125565800359 0.0108522115405
0.968231797218 -0.0463440679014 -0.245725870132
-0.00349734327756 0.980071008205 -0.198622584343
0.250033289194 0.193171769381 0.948772192001
-0.0183528244413
0 0 0

00000038.jpg
E:\zhaochen\VisualSFM_windows_64bit\library\main building\590.jpg
1057.6060791
640 360
5.3086771965 1.66335296631 -7.20292854309
-3.32196569443 0.00760519504547 8.47324180603
0.199043657472 -0.253616856851 0.0223087908672
0.986974357184 0.0990893404007 -0.126257361722 0.0111059221893
0.967873513699 -0.0469440706074 -0.24702450633
-0.00309902895242 0.980116844177 -0.198401510715
0.25142660737 0.192793041468 0.948483169079
-0.0191589816307
0 0 0

00000039.jpg
E:\zhaochen\VisualSFM_windows_64bit\library\main building\580.jpg
1057.08728027
640 360
5.45138072968 1.68775045872 -7.30373382568
-3.42523050308 0.00981998443604 8.61269187927
0.198532649337 -0.254811391865 0.0231497053302
0.98691915801 0.098833117001 -0.126849685377 0.0115243389089
0.967554628849 -0.0478211380541 -0.248102992773
-0.00232677464373 0.980200171471 -0.198004409671
0.252658545971 0.192156776786 0.948282897472
-0.0190419222572
0 0 0

00000040.jpg
E:\zhaochen\VisualSFM_windows_64bit\library\main building\570.jpg
1056.9395752
640 360
5.57913684845 1.71828496456 -7.41879987717
-3.50708436966 0.010288476944 8.7646074295
0.1980937255 -0.256381240118 0.024306388676
0.986834096019 0.0986117995236 -0.127627542913 0.0120998114463
0.967131435871 -0.0490521900356 -0.249508157372
-0.001290164073 0.98025983572 -0.197715505958
0.254280686378 0.191538438201 0.947974860668
-0.0192981439621
0 0 0

00000041.jpg
E:\zhaochen\VisualSFM_windows_64bit\library\main building\560.jpg
1056.85705566
640 360
5.6976723671 1.74832737446 -7.55430459976
-3.57313251495 0.0120447874069 8.93423080444
0.19750697732 -0.258060485158 0.0251244906729
0.98675053682 0.0983169586244 -0.128459877146 0.0125067151726
0.966685116291 -0.0499416068196 -0.251056492329
-0.000577575177886 0.98035633564 -0.197241842747
0.255974918604 0.190815404058 0.947665035725
-0.0194787588109
0 0 0

00000042.jpg
E:\zhaochen\VisualSFM_windows_64bit\library\main building\550.jpg
1057.56384277
640 360
5.8068985939 1.78762388229 -7.70592403412
-3.62784862518 0.0107886791229 9.11787986755
0.19729441499 -0.259479821031 0.0260182804037
0.986663617778 0.0982082840681 -0.129162642415 0.0129512569982
0.966299593449 -0.0509267635643 -0.252336323261
0.000187372774235 0.980375468731 -0.197142660618
0.257423996925 0.1904515028 0.94734531641
-0.0192099274527
0 0 0

00000043.jpg
E:\zhaochen\VisualSFM_windows_64bit\library\main building\540.jpg
1057.87866211
640 360
5.64932441711 1.85622596741 -8.05528068542
-3.66508340836 0.0123438835144 9.31746768951
0.196807293608 -0.229962796495 0.0310470825327
0.988450303527 0.0980245102124 -0.114538389713 0.0154637310589
0.973285377026 -0.0530254207551 -0.223399505019
0.00811509788036 0.980305612087 -0.197327166796
0.229462519288 0.190242260695 0.954545021057
-0.0216371709075
0 0 0

00000044.jpg
E:\zhaochen\VisualSFM_windows_64bit\library\main building\510.jpg
1055.64697266
640 360
4.99394655228 2.06228637695 -9.16433143616
-3.762342453 0.00499451160431 9.9509973526
0.195373111569 -0.132911251274 0.04340177567
0.992793919129 0.0974517971254 -0.0662959206148 0.0216487366327
0.990272760391 -0.0559067614377 -0.127416968346
0.0300641749054 0.980069816113 -0.196369588375
0.135855779052 0.190628618002 0.972216486931
-0.0240541220941
0 0 0

00000045.jpg
E:\zhaochen\VisualSFM_windows_64bit\library\main building\490.jpg
1055.67492676
640 360
4.62167215347 2.17176127434 -9.74033164978
-3.84703493118 -0.000783085823059 10.3029527664
0.194891439755 -0.0823497697514 0.0494304278048
0.994105167918 0.0972541691386 -0.0410939466916 0.0246666307785
0.995405495167 -0.0570354908705 -0.0769054219127
0.0410494096577 0.979868710041 -0.195389285684
0.0865013971925 0.191334202886 0.977706134319
-0.025655325647
0 0 0

00000046.jpg
E:\zhaochen\VisualSFM_windows_64bit\library\main building\480.jpg
1055.98962402
640 360
4.48111629486 2.21542048454 -9.96210289001
-3.89074420929 -0.00205564498901 10.4448080063
0.194790705805 -0.0632929275627 0.0519807589869
0.994423876508 0.0972142560115 -0.0315876203558 0.0259420529894
0.996658623219 -0.0577362962067 -0.0577790513635
0.0454532913864 0.979753911495 -0.194983392954
0.067866884172 0.191705316305 0.97910284996
-0.0261485885954
0 0 0

00000047.jpg
E:\zhaochen\VisualSFM_windows_64bit\library\main building\470.jpg
1056.13903809
640 360
4.33588886261 2.25438117981 -10.1800527573
-3.9389398098 -0.00211715698242 10.5830249786
0.194549736321 -0.0439978242376 0.0542647697606
0.994663722946 0.0971017779782 -0.0219597674169 0.0270841057149
0.997569441795 -0.0581438280642 -0.0384255722165
0.0496144816279 0.979676485062 -0.194356888533
0.0489447638392 0.191977575421 0.980177760124
-0.0253473254555
0 0 0

00000048.jpg
E:\zhaochen\VisualSFM_windows_64bit\library\main building\460.jpg
1056.45117188
640 360
4.18690681458 2.29098916054 -10.3781681061
-3.98966145515 -0.00209367275238 10.7036352158
0.194416639628 -0.0248101110173 0.0566566958186
0.994801794204 0.0970398250868 -0.0123835533734 0.0282792453503
0.998093962669 -0.0586678497493 -0.0191499851644
0.0538611263037 0.979568600655 -0.193771332502
0.0301267392933 0.19237023592 0.980859875679
-0.0246118489108
0 0 0

00000049.jpg
E:\zhaochen\VisualSFM_windows_64bit\library\main building\450.jpg
1056.08911133
640 360
4.03508901596 2.32392787933 -10.5585975647
-4.04175853729 -0.00199246406555 10.8088274002
0.194352906325 -0.00578080513903 0.0588192632377
0.994846378273 0.0970094588434 -0.00288543551429 0.0293590922006
0.998260259628 -0.0589753948152 -4.48106802651e-005
0.0578557513654 0.97945535183 -0.193188548088
0.0114374496043 0.192849487066 0.981161653996
-0.025312023049
0 0 0

00000050.jpg
E:\zhaochen\VisualSFM_windows_64bit\library\main building\440.jpg
1057.0690918
640 360
3.88172483444 2.34958791733 -10.7128000259
-4.09679269791 -0.00138711929321 10.8889360428
0.194017803179 0.0131726051405 0.0612904187016
0.994808242653 0.0968409611848 0.0065749004587 0.0305921568084
0.998042404652 -0.059593167156 0.0190068632364
0.0621401518583 0.979373276234 -0.192274153233
-0.00715619744733 0.19307859242 0.981158077717
-0.0247981177985
0 0 0

00000051.jpg
E:\zhaochen\VisualSFM_windows_64bit\library\main building\410.jpg
1057.92565918
640 360
3.39996004105 2.41924071312 -11.1012592316
-4.26952791214 0.00218296051025 11.0644302368
0.193950584862 0.0706908800365 0.0684139550356
0.994094023146 0.0967843058797 0.0352758294657 0.0341396090933
0.995179891586 -0.0610476583242 0.0767431035638
0.0747042670846 0.978934884071 -0.190016806126
-0.0635268613696 0.194833993912 0.978776931763
-0.0247989326184
0 0 0

00000052.jpg
E:\zhaochen\VisualSFM_windows_64bit\library\main building\390.jpg
1057.82519531
640 360
3.06745100021 2.46357870102 -11.3215818405
-4.39307308197 0.00403499603271 11.1515808105
0.194344669467 0.109436456813 0.0730536546077
0.993122756384 0.0969494731617 0.0545927339389 0.03644305422
0.991383254528 -0.0617993623018 0.115500837564
0.0829703435302 0.978546440601 -0.188586428761
-0.101368308067 0.196544483304 0.975241541862
-0.0235365703562
0 0 0

00000053.jpg
E:\zhaochen\VisualSFM_windows_64bit\library\main building\380.jpg
1057.57312012
640 360
2.90278744698 2.48377943039 -11.425617218
-4.45330810547 0.00546145439148 11.1941127777
0.194536361219 0.12816910836 0.0752081025059
0.992518527461 0.0970254896674 0.0639246587164 0.0375102265041
0.98901361227 -0.0620545335114 0.134171873331
0.0868638455868 0.978358745575 -0.187803581357
-0.11961375922 0.197394803166 0.972999751568
-0.0229053659744
0 0 0

00000054.jpg
E:\zhaochen\VisualSFM_windows_64bit\library\main building\400.jpg
1057.68066406
640 360
3.23486423492 2.44160676003 -11.2166795731
-4.33088922501 0.00381803512573 11.1122961044
0.194097770888 0.090018478214 0.0708615368218
0.993656827649 0.0968435992694 0.0449140316817 0.0353558221931
0.993465065956 -0.0615638308227 0.0961062833667
0.0789623856544 0.978742182255 -0.18928258121
-0.0824102535844 0.195634633303 0.977208316326
-0.0228872236604
0 0 0

00000055.jpg
E:\zhaochen\VisualSFM_windows_64bit\library\main building\370.jpg
1057.03466797
640 360
2.76153922081 2.5007891655 -11.5246362686
-4.51348590851 0.00750970840454 11.2394752502
0.19454646341 0.144647055427 0.0770914591758
0.991921899945 0.0970111627415 0.0721286770685 0.0384418814972
0.986640393734 -0.0622681342065 0.150550693274
0.090257242322 0.97822290659 -0.186909526587
-0.13563336432 0.198000460863 0.970772922039
-0.0228373589375
0 0 0

00000056.jpg
E:\zhaochen\VisualSFM_windows_64bit\library\main building\420.jpg
1057.50170898
640 360
3.56374788284 2.40114498138 -10.9839696884
-4.21018123627 0.000248908996582 11.017619133
0.194200311553 0.0513539816885 0.0658827569982
0.994418856615 0.0969194451768 0.0256292040577 0.0328800721477
0.996524512768 -0.0604252070189 0.0573458373547
0.0703610479832 0.979050636292 -0.191071540117
-0.0445988178253 0.194442555308 0.979900300503
-0.0239557944531
0 0 0

00000057.jpg
E:\zhaochen\VisualSFM_windows_64bit\library\main building\430.jpg
1057.03979492
640 360
3.72127461433 2.37986183167 -10.856798172
-4.15197658539 -0.00122046470642 10.9609680176
0.194326854729 0.0324027869141 0.0635711745847
0.99464818742 0.0969900319578 0.0161724808582 0.0317288635334
0.997463405132 -0.0599809549749 0.0383265689015
0.0662552714348 0.979173779488 -0.191915765405
-0.026017146185 0.193968072534 0.980662882328
-0.0236641133103
0 0 0

00000058.jpg
E:\zhaochen\VisualSFM_windows_64bit\library\main building\360.jpg
1055.79858398
640 360
2.64002728462 2.5150976181 -11.6233282089
-4.57261562347 0.0105538368225 11.2910785675
0.194349730596 0.159085631101 0.0788460459198
0.991350556862 0.0968945339199 0.0793133493503 0.039309294885
0.984329283237 -0.0625685453415 0.164872407913
0.0933086201549 0.978132247925 -0.185877338052
-0.149636924267 0.198348462582 0.968642175198
-0.0224594482614
0 0 0

00000059.jpg
E:\zhaochen\VisualSFM_windows_64bit\library\main building\350.jpg
1056.55224609
640 360
2.52481412888 2.52999353409 -11.7072868347
-4.6287894249 0.00990509986877 11.3318347931
0.194035227323 0.172677678263 0.0808026933318
0.990764769312 0.096718769362 0.0860728887652 0.0402768980046
0.981938719749 -0.0631601214409 0.178347110748
0.0964596047997 0.978046178818 -0.184717476368
-0.162764832377 0.198584720492 0.966474413872
-0.0247924146333
0 0 0

00000060.jpg
E:\zhaochen\VisualSFM_windows_64bit\library\main building\340.jpg
1055.2487793
640 360
2.41300153732 2.54856824875 -11.8079328537
-4.683177948 0.0102477073669 11.3935470581
0.193911894442 0.185387985746 0.0824319081325
0.990170486165 0.0966380619505 0.0923900810879 0.0410808211003
0.979552924633 -0.0634972304106 0.190903872252
0.0992108359933 0.977946639061 -0.183785334229
-0.175023853779 0.198967292905 0.964250802994
-0.0235312981407
0 0 0

00000061.jpg
E:\zhaochen\VisualSFM_windows_64bit\library\main building\330.jpg
1055.98083496
640 360
2.30542373657 2.5703830719 -11.8961429596
-4.73237895966 0.00614547729492 11.4474773407
0.193906192951 0.197264065779 0.0839260283382
0.989573707868 0.0966159079115 0.098289005232 0.0418170729974
0.977181255817 -0.0637696757913 0.202608734369
0.101754628122 0.97783356905 -0.182996809483
-0.186448127031 0.199437439442 0.96200966835
-0.0246211883927
0 0 0

00000062.jpg
E:\zhaochen\VisualSFM_windows_64bit\library\main building\320.jpg
1055.35302734
640 360
2.20348572731 2.5854279995 -11.9944658279
-4.78296613693 0.00596642494202 11.5121736526
0.193420493554 0.208460640001 0.0855908830801
0.988996119027 0.0963552565182 0.103847726123 0.0426383541023
0.974795639515 -0.0643257573247 0.213626876473
0.104350909591 0.977795243263 -0.18173417449
-0.19719311595 0.199445724487 0.959862411022
-0.024832522888
0 0 0

00000063.jpg
E:\zhaochen\VisualSFM_windows_64bit\library\main building\300.jpg
1054.27404785
640 360
1.98683381081 2.62558174133 -12.2016944885
-4.87935018539 0.000386238098145 11.6582508087
0.192934023446 0.230767094221 0.0881826265076
0.98774383468 0.0960725835504 0.114911774213 0.0439110355009
0.969734609127 -0.0646659508348 0.235444068909
0.108825467527 0.977685153484 -0.179698497057
-0.218569517136 0.199881911278 0.95513176918
-0.0246675404953
0 0 0

00000064.jpg
E:\zhaochen\VisualSFM_windows_64bit\library\main building\310.jpg
1056.53442383
640 360
2.17052984238 2.60711407661 -12.0728883743
-4.82927083969 0.00168132781982 11.5732955933
0.193382095921 0.213648236721 0.0864915375333
0.988706090328 0.0963267664963 0.10642166077 0.0430828412538
0.973636865616 -0.0646900013089 0.218739792705
0.105695068836 0.977730214596 -0.181307792664
-0.202139183879 0.199647650123 0.958791851997
-0.0257448045595
0 0 0

00000065.jpg
E:\zhaochen\VisualSFM_windows_64bit\library\main building\290.jpg
1056.26196289
640 360
1.92986023426 2.63550138474 -12.2909040451
-4.91987085342 -0.00115919113159 11.7273845673
0.192066861124 0.237083101557 0.0892189422026
0.987394515572 0.0956295744683 0.118043039714 0.0444218717764
0.968185782433 -0.0651469901204 0.241606131196
0.110300660133 0.977763950825 -0.178360879421
-0.224614068866 0.199335590005 0.953841984272
-0.025070446135
0 0 0

00000066.jpg
E:\zhaochen\VisualSFM_windows_64bit\library\main building\280.jpg
1055.66491699
640 360
1.85677540302 2.65441203117 -12.3990592957
-4.96322536469 -0.00221657752991 11.8151063919
0.191768392029 0.244453157616 0.0901086330445
0.986947218479 0.0954666466995 0.121694315657 0.0448581173592
0.966357350349 -0.0653096958995 0.248776465654
0.111780680716 0.977748274803 -0.177523106337
-0.231646999717 0.199359059334 0.952153623104
-0.0248620893843
0 0 0

00000067.jpg
E:\zhaochen\VisualSFM_windows_64bit\library\main building\270.jpg
1055.72058105
640 360
1.88349580765 2.6740694046 -12.4920558929
-5.00761413574 -0.00321197509766 11.902671814
0.191623855573 0.244015411604 0.090052537654
0.986981890967 0.0953958024594 0.121477808349 0.0448307131036
0.966467320919 -0.0653173029423 0.248345777392
0.111671105027 0.977779865265 -0.177415981889
-0.231239810586 0.199199736118 0.952285826206
-0.0243336136863
0 0 0

00000068.jpg
E:\zhaochen\VisualSFM_windows_64bit\library\main building\500.jpg
1056.22412109
640 360
4.80007553101 2.11904525757 -9.46439266205
-3.80190563202 0.0021505355835 10.1317005157
0.195060296536 -0.106480854644 0.0467017362084
0.993560974269 0.097320725225 -0.0531261060328 0.0233007276098
0.993268787861 -0.056641895324 -0.10103264451
0.0359608791769 0.979971885681 -0.195863887668
0.110103458166 0.190912410617 0.975412964821
-0.0239358132307
0 0 0

00000069.jpg
E:\zhaochen\VisualSFM_windows_64bit\library\main building\520.jpg
1055.6973877
640 360
5.19289255142 1.99940288067 -8.83487129211
-3.72359371185 0.00876331329346 9.75466632843
0.195611293709 -0.16150661292 0.040140114192
0.991766487368 0.0975370712152 -0.0805315567796 0.0200149444456
0.986228406429 -0.0554099306464 -0.15583255887
0.0239906739444 0.980172038078 -0.196691662073
0.163641437888 0.190244331956 0.968002617359
-0.022440142554
0 0 0

00000070.jpg
E:\zhaochen\VisualSFM_windows_64bit\library\main building\530.jpg
1057.09008789
640 360
5.40280723572 1.92717921734 -8.4658536911
-3.69276976585 0.0124485492706 9.53616428375
0.195645952409 -0.192653490091 0.0365448748563
0.990424376849 0.0975105377713 -0.0960190854503 0.0182140767859
0.980897188187 -0.0548050589859 -0.186647072434
0.0173536036164 0.980319797993 -0.196651339531
0.193751499057 0.189655914903 0.962544798851
-0.0220063059787
0 0 0

00000071.jpg
E:\zhaochen\VisualSFM_windows_64bit\library\main building\250.jpg
1055.90563965
640 360
1.26704108715 2.71085000038 -12.7840509415
-5.09979343414 -0.00533151626587 12.0986785889
0.190278387381 0.294093486546 0.0968626131361
0.983535431276 0.0946164763789 0.146238833563 0.0481652134744
0.95258808136 -0.067071184516 0.296776473522
0.122417591512 0.977456271648 -0.172030165792
-0.278547823429 0.200204461813 0.939323425293
-0.0251532517544
0 0 0

00000072.jpg
E:\zhaochen\VisualSFM_windows_64bit\library\main building\240.jpg
1054.78222656
640 360
1.2171267271 2.73106861115 -12.9174938202
-5.14302682877 -0.00525951385498 12.2209291458
0.18988229789 0.298274611584 0.0970203933266
0.983242571846 0.0944102309514 0.148303318843 0.0482389240216
0.951358556747 -0.0668584480882 0.300744563341
0.122863806784 0.977519452572 -0.171348303556
-0.282527983189 0.1999643296 0.938185811043
-0.0229657777188
0 0 0

00000073.jpg
E:\zhaochen\VisualSFM_windows_64bit\library\main building\260.jpg
1056.30432129
640 360
1.61418259144 2.6899626255 -12.6328411102
-5.04643440247 -0.00227308273315 11.9984846115
0.190891723985 0.265796875475 0.0933091154691
0.98556070216 0.0949860278373 0.132258166493 0.0464297878106
0.96070432663 -0.0663933753967 0.269517451525
0.116644121706 0.977644383907 -0.174947634339
-0.251876354218 0.199510350823 0.946970880032
-0.0244163028244
0 0 0

00000074.jpg
E:\zhaochen\VisualSFM_windows_64bit\library\main building\230.jpg
1052.98144531
640 360
1.01301229 2.73887991905 -13.076084137
-5.19323778152 0.00019097328186 12.3507890701
0.188635916001 0.314158493334 0.0992175587279
0.98203863173 0.0937525857227 0.156137662971 0.049311408331
0.946378648281 -0.067574813962 0.315912395716
0.126128017902 0.977557778358 -0.16873857379
-0.297420471907 0.199536070228 0.933663070202
-0.0197694432426
0 0 0

00000075.jpg
E:\zhaochen\VisualSFM_windows_64bit\library\main building\220.jpg
1054.44580078
640 360
0.891253590584 2.75269627571 -13.2028141022
-5.24373054504 -0.00187492370605 12.4574995041
0.18771165908 0.324200785112 0.100370519253
0.981256996421 0.0932687135 0.161086371999 0.0498713252548
0.943128466606 -0.0678244680166 0.325437426567
0.127921879292 0.977628231049 -0.166974022985
-0.306831091642 0.199108287692 0.930704474449
-0.0226664716038
0 0 0

00000076.jpg
E:\zhaochen\VisualSFM_windows_64bit\library\main building\210.jpg
1053.99853516
640 360
0.909904062748 2.77275824547 -13.3261795044
-5.29561185837 -0.00219392776489 12.5721817017
0.187276450753 0.323712194114 0.100167059353
0.981321602232 0.0930544921505 0.160847099062 0.0497713129483
0.943302214146 -0.0677482113242 0.324948370457
0.127618446946 0.977727711201 -0.166621625423
-0.306422561407 0.198643907905 0.93093842268
-0.0234202385476
0 0 0

00000077.jpg
E:\zhaochen\VisualSFM_windows_64bit\library\main building\980.jpg
1064.3795166
640 360
-1.63368320465 0.584627211094 -3.28004550934
2.37703037262 -0.0116256475449 2.84938645363
0.199579898749 -0.242647230641 0.02164083528
0.987628336607 0.0993780864018 -0.120822876467 0.0107757585395
0.970571398735 -0.0452991947532 -0.236514419317
-0.00272941682488 0.980015814304 -0.198901161551
0.240797966719 0.193693295121 0.951051712036
-0.00594261951969
0 0 0

00000078.jpg
E:\zhaochen\VisualSFM_windows_64bit\library\main building\200.jpg
1054.37756348
640 360
0.740681707859 2.77403616905 -13.452091217
-5.33436965942 -0.00157308578491 12.6786108017
0.185901299387 0.336220078862 0.101082427822
0.980337445711 0.092340631618 0.167006764058 0.0502095211883
0.939176976681 -0.0676015093923 0.336719125509
0.129287585616 0.977904975414 -0.164279416203
-0.318172812462 0.197820499539 0.927164077759
-0.0259959788437
0 0 0

00000079.jpg
E:\zhaochen\VisualSFM_windows_64bit\library\main building\190.jpg
1051.80871582
640 360
0.203750997782 2.77222180367 -13.5852060318
-5.38303279877 0.00450944900513 12.7791786194
0.184854474796 0.375624622419 0.10619593723
0.976772697715 0.0917105113162 0.186355922533 0.0526862209522
0.924991250038 -0.0687433555722 0.373718440533
0.137106493115 0.977627336979 -0.159523963928
-0.35439106822 0.19879733026 0.91372102499
-0.0247345647195
0 0 0

00000080.jpg
E:\zhaochen\VisualSFM_windows_64bit\library\main building\180.jpg
1054.42138672
640 360
-0.143023490906 2.79040956497 -13.6286821365
-5.40993881226 -0.000407457351685 12.8171882629
0.185463636655 0.401077384014 0.109840480938
0.974196099857 0.0919328235333 0.198810812905 0.0544470373439
0.915018737316 -0.0695297569036 0.397372514009
0.142638608813 0.977168262005 -0.157471939921
-0.377350360155 0.200770452619 0.904045164585
-0.0334432033947
0 0 0

00000081.jpg
E:\zhaochen\VisualSFM_windows_64bit\library\main building\170.jpg
1056.28894043
640 360
-0.302721053362 2.79221487045 -13.6549940109
-5.43334531784 0.000564336776733 12.8384561539
0.185256017383 0.413307176275 0.112222505195
0.972906356276 0.09178994444 0.204783862261 0.0556035785626
0.909944057465 -0.0705998837948 0.408678859472
0.145788416266 0.97696608305 -0.155832588673
-0.388263225555 0.201379492879 0.899276971817
-0.0355882060873
0 0 0

00000082.jpg
E:\zhaochen\VisualSFM_windows_64bit\library\main building\160.jpg
1054.72888184
640 360
-0.510232448578 2.80574822426 -13.682343483
-5.44343233109 -0.00126576423645 12.8727684021
0.186050639824 0.42775102912 0.113562000562
