# Camera parameter file. 

# The format of each camera is as follows:
# Filename (of the undistorted image in visualize folder)
# Original filename
# Focal Length (of the undistorted image)
# 2-vec Principal Point (image center)
# 3-vec Translation T (as in P = K[R T])
# 3-vec Camera Position C (as in P = K[R -RC])
# 3-vec Axis Angle format of R
# 4-vec Quaternion format of R
# 3x3 Matrix format of R
# [Normalized radial distortion] = [radial distortion] * [focal length]^2
# 3-vec Lat/Lng/Alt from EXIF

# The nubmer of cameras in this reconstruction
143

00000000.jpg
E:\zhaochen\VisualSFM_windows_64bit\wide-baseline\mao\1960.jpg
1032.77453613
640 360
-0.450613975525 0.976064443588 -3.64439153671
-1.691452384 -0.0129535198212 3.4023809433
0.250002868111 0.576226105049 0.0803579121628
0.950293579979 0.122923363763 0.283323354071 0.0395110061843
0.836335539818 -0.0054399962537 0.548194646835
0.144748225808 0.966659426689 -0.211237892509
-0.528766810894 0.256015241146 0.809236586094
-0.00863404255134
0 0 0

00000001.jpg
E:\zhaochen\VisualSFM_windows_64bit\wide-baseline\mao\2500.jpg
1034.60388184
640 360
-2.25298285484 0.73742890358 -3.41915893555
-1.04232120514 0.0157272219658 4.02787160873
0.206534661335 0.820795481276 0.102524159143
0.910508926563 0.100168048062 0.398080790342 0.0497235903852
0.678119540215 -0.0107977520674 0.734873533249
0.170297339559 0.974988698959 -0.142819717526
-0.714950919151 0.221995890141 0.66299778223
-0.00984362911912
0 0 0

00000002.jpg
E:\zhaochen\VisualSFM_windows_64bit\wide-baseline\mao\1980.jpg
1031.66186523
640 360
-0.485765606165 1.07140159607 -3.99314022064
-1.87213563919 -0.0242522954941 3.71800708771
0.248019747748 0.579481633119 0.0799569938869
0.94996001103 0.121934405674 0.284891623247 0.0393094042615
0.834583163261 -0.00520850718021 0.550857484341
0.144160941243 0.967174947262 -0.209267869592
-0.531685113907 0.254063367844 0.807937979698
-0.00819708207351
0 0 0

00000003.jpg
E:\zhaochen\VisualSFM_windows_64bit\wide-baseline\mao\1900.jpg
1035.0925293
640 360
-0.423918962479 0.995319247246 -3.82231473923
-1.80892848969 2.31862068176e-005 3.53670406342
0.246527187444 0.575805852157 0.0793619988498
0.950584629827 0.121226453002 0.283144840122 0.0390252033596
0.836613178253 -0.00554426433519 0.547767937183
0.142842769623 0.96756374836 -0.208372369409
-0.528844594955 0.252571642399 0.810267627239
-0.0080746207338
0 0 0

00000004.jpg
E:\zhaochen\VisualSFM_windows_64bit\wide-baseline\mao\1920.jpg
1034.85388184
640 360
-0.415115356445 0.919014573097 -3.5048532486
-1.63741374016 2.36630439758e-005 3.2588057518
0.248188099307 0.575715493855 0.0800322384092
0.950483217758 0.122038961191 0.283090611547 0.039353422926
0.836622655392 -0.00571340275928 0.547750890255
0.143905669451 0.967117071152 -0.209710791707
-0.528540611267 0.254273146391 0.809933662415
-0.00823628638939
0 0 0

00000005.jpg
E:\zhaochen\VisualSFM_windows_64bit\wide-baseline\mao\1880.jpg
1033.91882324
640 360
-0.444431692362 1.11901330948 -4.39164876938
-2.1108891964 -0.000468254089355 4.03490924835
0.241408101543 0.576093819906 0.0771198683396
0.950894199706 0.118721749579 0.283316366699 0.0379266712179
0.836588919163 -0.00485689705238 0.547813355923
0.139400109649 0.968934714794 -0.204293176532
-0.529802203178 0.247274115682 0.811275482178
-0.00843014042747
0 0 0

00000006.jpg
E:\zhaochen\VisualSFM_windows_64bit\wide-baseline\mao\1940.jpg
1034.10192871
640 360
-0.428413152695 0.915395438671 -3.44152522087
-1.59371042252 -0.00389915704727 3.21336174011
0.250571417634 0.576099397773 0.0807612927444
0.950268239813 0.123201847239 0.283258604151 0.0397090001146
0.836375415325 -0.00567246414721 0.548127293587
0.145264342427 0.966490268707 -0.211653769016
-0.528559327126 0.256645441055 0.809173226357
-0.00829097177543
0 0 0

00000007.jpg
E:\zhaochen\VisualSFM_windows_64bit\wide-baseline\mao\1860.jpg
1032.36437988
640 360
-0.463551074266 1.2774207592 -5.0477399826
-2.46872830391 -0.00501370429993 4.60779237747
0.238946970375 0.577061684253 0.0763679454586
0.950916075727 0.117512270361 0.283794469328 0.0375571644185
0.836100935936 -0.00472877034917 0.548556208611
0.138126075268 0.969560801983 -0.202171549201
-0.530902683735 0.244805678725 0.811303794384
-0.00861909831738
0 0 0

00000008.jpg
E:\zhaochen\VisualSFM_windows_64bit\wide-baseline\mao\2060.jpg
1030.97412109
640 360
-0.459549158812 -0.0181845277548 -4.69779682159
-2.13555812836 -0.0669886097312 4.20900774002
-0.0195157104203 0.566983392735 0.00481510180713
0.960034938999 -0.00962751444054 0.279704949682 0.00237539198843
0.843519210815 -0.00994665175676 0.537007153034
-0.000824814545922 0.999803483486 0.0198143236339
-0.537098944187 -0.0171566773206 0.84334564209
-0.00932759069784
0 0 0

00000009.jpg
E:\zhaochen\VisualSFM_windows_64bit\wide-baseline\mao\2020.jpg
1030.38110352
640 360
-0.453249841928 0.237102806568 -4.65515470505
-2.12642502785 -0.0566124916077 4.17220258713
0.0356062927138 0.567862307531 0.0220317186781
0.959745606092 0.0175636141023 0.280111004897 0.0108676465698
0.842840075493 -0.0110208904371 0.538052260876
0.0306998137385 0.999146640301 -0.0276246778667
-0.537288963795 0.0398017279804 0.842459797859
-0.0106526546496
0 0 0

00000010.jpg
E:\zhaochen\VisualSFM_windows_64bit\wide-baseline\mao\2040.jpg
1031.41601563
640 360
-0.453449159861 0.149965062737 -4.69655132294
-2.14297628403 -0.0655269995332 4.20584011078
0.0154646176291 0.567182009235 0.015770884997
0.959996840775 0.00762892559945 0.279799310503 0.00778001184158
0.843303740025 -0.0106684518978 0.537331461906
0.0192066952586 0.999763071537 -0.0102937715128
-0.53709435463 0.0190012063831 0.843308925629
-0.00663321813189
0 0 0

00000011.jpg
E:\zhaochen\VisualSFM_windows_64bit\wide-baseline\mao\2000.jpg
1029.64599609
640 360
-0.440358877182 0.169993892312 -4.51686477661
-2.06121039391 -0.0202824473381 4.04671287537
0.0301016909036 0.567921640105 0.0206812915442
0.959789047297 0.0148485631307 0.280144406285 0.0102016682087
0.842831134796 -0.0112633770332 0.538062274456
0.0279024206102 0.999351501465 -0.0227872766554
-0.5374558568 0.0342186763883 0.842597424984
-0.0116487789018
0 0 0

00000012.jpg
E:\zhaochen\VisualSFM_windows_64bit\wide-baseline\mao\2520.jpg
1034.39880371
640 360
-2.44120407104 0.759883761406 -3.42141056061
-0.920237064362 0.0102940201759 4.17085552216
0.211051165876 0.820860402402 0.103046130232
0.91025413347 0.102349452104 0.398076988066 0.0499723132395
0.678075253963 -0.00948907528073 0.734931468964
0.17246094346 0.974055528641 -0.146542355418
-0.714473426342 0.226113691926 0.662119567394
-0.0103097128629
0 0 0

00000013.jpg
E:\zhaochen\VisualSFM_windows_64bit\wide-baseline\mao\2480.jpg
1034.41137695
640 360
-2.25117444992 0.715369582176 -3.4255092144
-1.04491472244 0.0213007926941 4.02757453918
0.202048842403 0.820919926765 0.101689916452
0.910726614109 0.0979998741486 0.398171296368 0.0493227226446
0.67805403471 -0.0117974998429 0.7349178195
0.167880564928 0.97592651844 -0.139224439859
-0.715582966805 0.217779934406 0.663711309433
-0.0103417662438
0 0 0

00000014.jpg
E:\zhaochen\VisualSFM_windows_64bit\wide-baseline\mao\2540.jpg
1033.76867676
640 360
-2.80263614655 0.767827928066 -3.45021772385
-0.701387405396 0.0195279717445 4.45601177216
0.214327393893 0.82187117018 0.103305449851
0.909877341435 0.103924635564 0.398514908852 0.0500915026894
0.677354037762 -0.00832323543727 0.735610902309
0.173985257745 0.97338104248 -0.149192869663
-0.714787840843 0.229041814804 0.660772025585
-0.0100220997601
0 0 0

00000015.jpg
E:\zhaochen\VisualSFM_windows_64bit\wide-baseline\mao\1840.jpg
1031.47546387
640 360
-0.479538649321 1.40033388138 -5.58884000778
-2.76342725754 -0.00347650051117 5.07834005356
0.236997002252 0.577875928667 0.0756862417283
0.950927240766 0.116553735084 0.284195990925 0.037222049579
0.835694015026 -0.0045427037403 0.549175739288
0.137039139867 0.970059990883 -0.200511544943
-0.53182309866 0.242824941874 0.811296463013
-0.00872107519193
0 0 0

00000016.jpg
E:\zhaochen\VisualSFM_windows_64bit\wide-baseline\mao\1680.jpg
1030.45629883
640 360
-0.0324221327901 1.50828278065 -6.27545976639
-3.13896012306 0.0718252658844 5.63906812668
0.240872051324 0.510017251431 0.0659752368718
0.959958950596 0.118824231663 0.251595848099 0.0325461455033
0.871280670166 -0.00269450549968 0.490778148174
0.122277349234 0.969643950462 -0.211755976081
-0.475308597088 0.24450956285 0.845160126686
-0.00577270326623
0 0 0

00000017.jpg
E:\zhaochen\VisualSFM_windows_64bit\wide-baseline\mao\1780.jpg
1030.75683594
640 360
-0.518933296204 1.56432282925 -6.25271224976
-3.12453603745 0.010285615921 5.6612701416
0.238616405928 0.581041037438 0.076964745988
0.950357570301 0.117327341078 0.285697036274 0.0378434540928
0.833890736103 -0.00488948822021 0.551908969879
0.138969764113 0.969604194164 -0.201382353902
-0.534148395061 0.244629353285 0.809223115444
-0.00711088197647
0 0 0

00000018.jpg
E:\zhaochen\VisualSFM_windows_64bit\wide-baseline\mao\1820.jpg
1030.94421387
640 360
-0.494812697172 1.4876332283 -6.00697088242
-2.98981976509 0.00250887870789 5.44082164764
0.235266556972 0.578786827562 0.0753480576975
0.950904322913 0.115701807628 0.284641740171 0.0370554429372
0.835211575031 -0.00460519315675 0.549908876419
0.136339530349 0.970480620861 -0.198947742581
-0.53275936842 0.241137653589 0.811183929443
-0.00844919193882
0 0 0

00000019.jpg
E:\zhaochen\VisualSFM_windows_64bit\wide-baseline\mao\1800.jpg
1030.52001953
640 360
-0.506972908974 1.53303766251 -6.26163721085
-3.12827372551 0.0127041339874 5.65942716599
0.234148936575 0.579983893583 0.0752512245038
0.95080023365 0.115148083612 0.285220316815 0.0370065071309
0.834559679031 -0.00468644639477 0.550897359848
0.136056736112 0.970743596554 -0.197855651379
-0.533852815628 0.240075647831 0.810781061649
-0.00779116043337
0 0 0

00000020.jpg
E:\zhaochen\VisualSFM_windows_64bit\wide-baseline\mao\1760.jpg
1030.6529541
640 360
-0.529355883598 1.54935669899 -6.23208284378
-3.10901594162 0.0150195360184 5.64388084412
0.237873067231 0.582156805523 0.076915982959
0.95024256182 0.116957252186 0.28623442371 0.0378179931034
0.83327960968 -0.00491814501584 0.552830398083
0.138826921582 0.969782173634 -0.200625926256
-0.535138130188 0.243925109506 0.808781921864
-0.00750994760703
0 0 0

00000021.jpg
E:\zhaochen\VisualSFM_windows_64bit\wide-baseline\mao\1740.jpg
1030.18920898
640 360
-0.538615465164 1.64621067047 -6.21187973022
-3.10951375961 -0.0868185758591 5.64897966385
0.237460826125 0.583190865634 0.0766310210247
0.950123728362 0.116749826931 0.286731221069 0.0376763552466
0.832730948925 -0.00464276177809 0.553657412529
0.138546034694 0.969899952412 -0.200247526169
-0.53606313467 0.24345959723 0.808309495449
-0.00871411379313
0 0 0

00000022.jpg
E:\zhaochen\VisualSFM_windows_64bit\wide-baseline\mao\1720.jpg
1030.63024902
640 360
-0.555758833885 1.81825590134 -6.17481565475
-3.10758090019 -0.260655164719 5.65847063065
0.23763054807 0.584557513008 0.0774405472265
0.949902307984 0.11682444342 0.287381427425 0.0380714891303
0.831924319267 -0.00518204690889 0.55486369133
0.139474734664 0.969805181026 -0.200061529875
-0.537073433399 0.243825703859 0.807528078556
-0.00758532256494
0 0 0

00000023.jpg
E:\zhaochen\VisualSFM_windows_64bit\wide-baseline\mao\1700.jpg
1030.09289551
640 360
-0.0518770478666 1.79196846485 -6.216796875
-3.1272456646 -0.211867332458 5.66019821167
0.241670835006 0.509655222276 0.0664871679859
0.959948635702 0.119217860729 0.251416375118 0.0327985705557
0.871428310871 -0.00302320043556 0.490514039993
0.122916571796 0.969423592091 -0.212393954396
-0.474873185158 0.245378136635 0.84515362978
-0.00529543682894
0 0 0

00000024.jpg
E:\zhaochen\VisualSFM_windows_64bit\wide-baseline\mao\1660.jpg
1030.53674316
640 360
0.0153584843501 1.24293005466 -6.25704479218
-3.14532399178 0.326463937759 5.54040622711
0.241262784505 0.511126930945 0.0656046703281
0.959802010964 0.1190106388 0.252129820538 0.032361616567
0.870767116547 -0.00210925424471 0.491692245007
0.122133724391 0.969578146935 -0.212134614587
-0.476286590099 0.2447719872 0.844534337521
-0.0061224357348
0 0 0

00000025.jpg
E:\zhaochen\VisualSFM_windows_64bit\wide-baseline\mao\1640.jpg
1030.45849609
640 360
0.140430912375 1.15865373611 -6.02112627029
-3.13540124893 0.351482629776 5.25945997238
0.241765910258 0.511944474654 0.0643649997579
0.959688794201 0.119254234946 0.252523387581 0.0317488879854
0.870447814465 -0.000709136947989 0.492259949446
0.121167071164 0.969541311264 -0.212859258056
-0.477115511894 0.2449285537 0.844021201134
-0.0067493662178
0 0 0

00000026.jpg
E:\zhaochen\VisualSFM_windows_64bit\wide-baseline\mao\2140.jpg
1032.7677002
640 360
-0.516965925694 1.72998118401 -4.3347697258
-2.12589859962 -0.0711719989777 4.18638324738
0.353433624428 0.572905312048 0.109607954257
0.942417685699 0.173311688494 0.280933052532 0.0537479693827
0.836375772953 -0.00392808113247 0.548142910004
0.198684066534 0.934149324894 -0.296464890242
-0.510882198811 0.356863111258 0.782079279423
-0.006938501331
0 0 0

00000027.jpg
E:\zhaochen\VisualSFM_windows_64bit\wide-baseline\mao\2160.jpg
1032.56469727
640 360
-0.51776599884 1.789737463 -4.31293153763
-2.12681746483 -0.069612622261 4.18860721588
0.367076991254 0.572540600832 0.113206293915
0.941165703397 0.179924723368 0.280633795296 0.0554886620556
0.836331903934 -0.00346221239306 0.548213422298
0.205433890224 0.929095685482 -0.307533800602
-0.50827819109 0.369822114706 0.777743935585
-0.00811148955821
0 0 0

00000028.jpg
E:\zhaochen\VisualSFM_windows_64bit\wide-baseline\mao\2180.jpg
1032.85388184
640 360
-0.528675734997 1.86301183701 -4.35014390945
-2.1525080204 -0.0630840063095 4.24697399139
0.379650024096 0.572208960187 0.116534450764
0.939968197924 0.186011076054 0.280356111304 0.0570965289299
0.836280941963 -0.00303917215206 0.54829287529
0.211636513472 0.924279332161 -0.317674279213
-0.505810439587 0.381703704596 0.773600578308
-0.00712096062015
0 0 0

00000029.jpg
E:\zhaochen\VisualSFM_windows_64bit\wide-baseline\mao\2100.jpg
1033.14160156
640 360
-0.528919160366 1.95696294308 -4.23909473419
-2.12467336655 -0.0697886943817 4.19049882889
0.404953139445 0.572636318943 0.12517258992
0.937222169398 0.198221553489 0.280301224187 0.0612710528981
0.835354864597 -0.00372571893968 0.549699664116
0.225972637534 0.913907647133 -0.337206572294
-0.501118421555 0.405903965235 0.764279067516
-0.00813640132656
0 0 0

00000030.jpg
E:\zhaochen\VisualSFM_windows_64bit\wide-baseline\mao\2120.jpg
1032.18444824
640 360
-0.514746665955 1.85937345028 -4.31002902985
-2.1444683075 -0.0760406255722 4.20642948151
0.379098271746 0.572162545451 0.118263903596
0.93997633832 0.185741261284 0.280334152836 0.0579440431555
0.83611112833 -0.00479280157015 0.548540353775
0.213071316481 0.924285233021 -0.316697448492
-0.505489528179 0.381672114134 0.773825705051
-0.00323439715382
0 0 0

00000031.jpg
E:\zhaochen\VisualSFM_windows_64bit\wide-baseline\mao\2200.jpg
1032.20495605
640 360
-0.569006979465 1.97511506081 -4.49449491501
-2.21630787849 -0.0548479557037 4.41704845428
0.391017737284 0.571974594075 0.119258598755
0.938849622111 0.191507234289 0.280133769265 0.0584088194346
0.836227297783 -0.00237891706638 0.548378348351
0.21696947515 0.919826745987 -0.326868414879
-0.503635585308 0.392317563295 0.769700407982
-0.00793014998835
0 0 0

00000032.jpg
E:\zhaochen\VisualSFM_windows_64bit\wide-baseline\mao\2220.jpg
1032.19726563
640 360
-0.630845487118 2.12715053558 -4.74045753479
-2.32201266289 -0.0525199174881 4.69043540955
0.399610227345 0.571704950224 0.121673313057
0.937984468531 0.195657440175 0.27991857926 0.059573772995
0.836192548275 -0.00222218548879 0.548430383205
0.221294909716 0.916339278221 -0.333695739508
-0.501806735992 0.400398820639 0.766727626324
-0.00566321534057
0 0 0

00000033.jpg
E:\zhaochen\VisualSFM_windows_64bit\wide-baseline\mao\1620.jpg
1031.3939209
640 360
0.378784328699 1.16693246365 -5.68648910522
-3.18902611732 0.288333058357 4.85678577423
0.246936625393 0.513120915954 0.0636078554236
0.959240539273 0.121786209017 0.253065137754 0.031370638371
0.869948446751 0.00145571620669 0.493141770363
0.12182366848 0.968368530273 -0.217766925693
-0.477859586477 0.249522149563 0.842252671719
-0.00758749894713
0 0 0

00000034.jpg
E:\zhaochen\VisualSFM_windows_64bit\wide-baseline\mao\1600.jpg
1031.25061035
640 360
0.628801763058 1.15168142319 -5.35741281509
-3.25353431702 0.229110240936 4.44810962677
0.247228857133 0.51422575779 0.0672262653628
0.959024269222 0.121921373593 0.253591394847 0.0331527585802
0.869184374809 -0.00175218936056 0.494484513998
0.12542501092 0.968072354794 -0.217036560178
-0.478316694498 0.250665664673 0.841653466225
-0.00742316223428
0 0 0

00000035.jpg
E:\zhaochen\VisualSFM_windows_64bit\wide-baseline\mao\1580.jpg
1031.60241699
640 360
0.827690601349 1.01263082027 -5.10592889786
-3.29257798195 0.304155886173 4.10455846786
0.246594012958 0.514990865181 0.070210460432
0.958915117486 0.121603788065 0.25395928828 0.0346231356063
0.868611454964 -0.00463646836579 0.495471447706
0.128166124225 0.968027353287 -0.215629726648
-0.478630155325 0.250801116228 0.841434001923
-0.00771984649661
0 0 0

00000036.jpg
E:\zhaochen\VisualSFM_windows_64bit\wide-baseline\mao\1560.jpg
1032.29528809
640 360
0.985537350178 1.07704615593 -4.7783613205
-3.28472995758 0.172935962677 3.76094341278
0.248551840435 0.515837086675 0.0720635802401
0.958655804131 0.122558456485 0.254354170261 0.0355338393293
0.868083059788 -0.00578293204308 0.496386289597
0.130475953221 0.967433869839 -0.216906443238
-0.478966116905 0.253059059381 0.84056687355
-0.00760237848726
0 0 0

00000037.jpg
E:\zhaochen\VisualSFM_windows_64bit\wide-baseline\mao\1540.jpg
1032.86328125
640 360
1.28336513042 1.12358319759 -4.34418535233
-3.29775857925 0.0364187955856 3.30225324631
0.252186669983 0.5024848175 0.0718666804076
0.960111340434 0.124412269025 0.247892865629 0.0354542798689
0.874584078789 -0.00639829039574 0.484831362963
0.12976193428 0.966529488564 -0.22132152319
-0.467187643051 0.256476998329 0.846141576767
-0.00797179154299
0 0 0

00000038.jpg
E:\zhaochen\VisualSFM_windows_64bit\wide-baseline\mao\1520.jpg
1032.92993164
640 360
1.80289113522 1.05078494549 -3.95138335228
-3.37737607956 0.01706635952 2.9259262085
0.25602760337 0.438327606028 0.0633446364591
0.967466334514 0.126622514396 0.216781873805 0.031328095238
0.904048800468 -0.00571883982047 0.42739212513
0.115516670048 0.965970635414 -0.231423318386
-0.411524534225 0.258588761091 0.873944997787
-0.00812352878576
0 0 0

00000039.jpg
E:\zhaochen\VisualSFM_windows_64bit\wide-baseline\mao\2560.jpg
1033.89233398
640 360
-3.55179977417 0.654398083687 -3.13488841057
-0.504935503006 0.0561229586601 4.75530910492
0.210186458015 0.937990763792 0.114914526959
0.885118435206 0.101037107986 0.450894291601 0.0552396742354
0.587286412716 -0.00667331088334 0.8093521595
0.188901305199 0.973479390144 -0.12904496491
-0.787027239799 0.228674262762 0.572972774506
-0.0105709818217
0 0 0

00000040.jpg
E:\zhaochen\VisualSFM_windows_64bit\wide-baseline\mao\2080.jpg
1033.02282715
640 360
-0.531982243061 1.89003968239 -4.2761554718
-2.12518000603 -0.0707211494446 4.19754266739
0.388885554911 0.57319035358 0.120635644086
0.938842249667 0.190462481809 0.280728496888 0.0590831000973
0.835401713848 -0.00400294456631 0.549625813961
0.217875897884 0.920466303825 -0.324455797672
-0.504613280296 0.390801101923 0.769831061363
-0.00796163068532
0 0 0

00000041.jpg
E:\zhaochen\VisualSFM_windows_64bit\wide-baseline\mao\2240.jpg
1032.57556152
640 360
-1.04015862942 2.24661302567 -4.95937013626
-2.44138288498 -0.0507981777191 4.97610569
0.401194112027 0.635072935339 0.135755539937
0.928042061629 0.195762052953 0.309882866847 0.0662417079442
0.799169898033 -0.00162355811335 0.601104080677
0.244276806712 0.914578616619 -0.322296530008
-0.549233257771 0.404405146837 0.731299757957
-0.00543792603232
0 0 0

00000042.jpg
E:\zhaochen\VisualSFM_windows_64bit\wide-baseline\mao\2440.jpg
1036.64868164
640 360
-2.31092786789 1.49669742584 -3.1740334034
-1.06334781647 0.0198395252228 4.06495666504
0.420713707016 0.822561969015 0.193236291833
0.890683322804 0.202634316058 0.396182199979 0.0930711388296
0.668755114079 -0.0052334391512 0.743464767933
0.326354205608 0.90055423975 -0.287219852209
-0.668026745319 0.434712171555 0.603957772255
-0.00950688676099
0 0 0

00000043.jpg
E:\zhaochen\VisualSFM_windows_64bit\wide-baseline\mao\2460.jpg
1036.94348145
640 360
-2.300542593 1.52563726902 -3.12403869629
-1.04442095757 0.022687792778 4.03588294983
0.434463472903 0.821102077406 0.199520134288
0.889259538119 0.209152139224 0.395281230118 0.0960496463044
0.669054269791 -0.00547830481082 0.743193149567
0.336173951626 0.894059717655 -0.296047836542
-0.662837266922 0.447914302349 0.600016117096
-0.00870399248406
0 0 0

00000044.jpg
E:\zhaochen\VisualSFM_windows_64bit\wide-baseline\mao\2420.jpg
1037.3380127
640 360
-2.32220196724 1.4972846508 -3.25149965286
-1.1093672514 0.0185185670853 4.1201581955
0.411482156069 0.823719775604 0.188142034395
0.891613085903 0.198252719686 0.396869422803 0.0906471142333
0.668555617332 -0.00428336206824 0.743649959564
0.319005250931 0.904958844185 -0.281579405069
-0.6717659235 0.425479471684 0.606381118298
-0.009716301651
0 0 0

00000045.jpg
E:\zhaochen\VisualSFM_windows_64bit\wide-baseline\mao\2400.jpg
1037.09863281
640 360
-2.32369971275 1.60239505768 -3.46309757233
-1.28445792198 0.00919675827026 4.27906513214
0.410231290584 0.824220875968 0.186125409816
0.891728361876 0.197658050906 0.397126927173 0.0896791311944
0.668496191502 -0.00294826924801 0.743710398674
0.31692942977 0.905778169632 -0.281286537647
-0.672806978226 0.423742622137 0.606443524361
-0.0114329114669
0 0 0

00000046.jpg
E:\zhaochen\VisualSFM_windows_64bit\wide-baseline\mao\1500.jpg
1032.20874023
640 360
2.57558917999 0.946731686592 -3.50064635277
-3.56142663956 0.0113485455513 2.66469740868
0.262236359981 0.308619289597 0.0444523595157
0.979323002665 0.130213217998 0.153244618091 0.0220727773242
0.952057957649 -0.00332381483167 0.3059001863
0.0831416994333 0.965114712715 -0.248276561499
-0.294403731823 0.261806637049 0.91912150383
-0.00617736531565
0 0 0

00000047.jpg
E:\zhaochen\VisualSFM_windows_64bit\wide-baseline\mao\2580.jpg
1034.67529297
640 360
-4.46163988113 0.451005995274 -2.30847406387
-0.368501543999 0.0577770471573 5.02987003326
0.198355611744 1.15321007603 0.136456847089
0.831476348878 0.0935412951201 0.543835201381 0.0643508398503
0.400206118822 -0.00527035538107 0.916411399841
0.208754450083 0.974218547344 -0.0855623036623
-0.892333030701 0.225547194481 0.39098700881
-0.0147747883202
0 0 0

00000048.jpg
E:\zhaochen\VisualSFM_windows_64bit\wide-baseline\mao\2600.jpg
1033.80151367
640 360
-4.70255756378 0.467122375965 -2.4061191082
-0.363341569901 0.0597957372665 5.29018688202
0.198445714352 1.15320766726 0.137881589998
0.831426458882 0.0935820964945 0.543824247089 0.0650215516226
0.400054752827 -0.00633676536381 0.916469693184
0.209905788302 0.974030196667 -0.0848927274346
-0.892129778862 0.226333796978 0.390994876623
-0.0140486744904
0 0 0

00000049.jpg
E:\zhaochen\VisualSFM_windows_64bit\wide-baseline\mao\2620.jpg
1033.62939453
640 360
-4.90386724472 0.501986265182 -2.61744952202
-0.53667652607 0.0627846717834 5.55508756638
0.195914283693 1.1635205514 0.139145572666
0.828687521779 0.0922967448261 0.54814359325 0.0655525629473
0.390483766794 -0.00746136112139 0.920580387115
0.209829002619 0.974368453026 -0.0811058282852
-0.89637863636 0.224834814668 0.382039815187
-0.0109522804284
0 0 0

00000050.jpg
E:\zhaochen\VisualSFM_windows_64bit\wide-baseline\mao\2640.jpg
1033.01550293
640 360
-5.26021766663 0.479234099388 -2.59977245331
-0.812193036079 0.0609257817268 5.83052825928
0.187500726371 1.23753387473 0.145513048545
0.808001992784 0.0876698712239 0.578634747354 0.0680376576359
0.321106463671 -0.00849145464599 0.947006106377
0.211406797171 0.975369989872 -0.0629368722439
-0.923146009445 0.22041285038 0.314992427826
-0.0122132547411
0 0 0

00000051.jpg
E:\zhaochen\VisualSFM_windows_64bit\wide-baseline\mao\2660.jpg
1033.9284668
640 360
-5.51404380798 0.414985746145 -2.6974966526
-1.07556462288 0.116559237242 6.05664634705
0.179018231823 1.28138054397 0.148415433491
0.795384396674 0.0833165189988 0.596364768824 0.0690737315314
0.279156565666 -0.0105062890798 0.960188567638
0.209254384041 0.976573824883 -0.0501510612667
-0.937168359756 0.214923575521 0.274814963341
-0.012011503517
0 0 0

00000052.jpg
E:\zhaochen\VisualSFM_windows_64bit\wide-baseline\mao\2680.jpg
1033.2019043
640 360
-5.5881729126 0.208343088627 -2.98119735718
-1.26896500587 0.370481193066 6.19766759872
0.177152811568 1.27994236553 0.147334872224
0.795927555043 0.08246484623 0.595814706086 0.068584559707
0.28060182929 -0.0109092025086 0.959762096405
0.207444161177 0.976992189884 -0.0495447702706
-0.93713927269 0.212999403477 0.276408672333
-0.0125600972216
0 0 0

00000053.jpg
E:\zhaochen\VisualSFM_windows_64bit\wide-baseline\mao\2700.jpg
1031.43115234
640 360
-5.63746738434 0.279992043972 -3.27867865562
-1.54359817505 0.356947928667 6.33238267899
0.176847621973 1.27898879265 0.149102727393
0.796163124116 0.0823299272404 0.595422505915 0.0694135242568
0.281307846308 -0.0124867577106 0.959536492825
0.208571195602 0.976807236671 -0.0484353937209
-0.936677277088 0.213756814599 0.277387797832
-0.0118886391841
0 0 0

00000054.jpg
E:\zhaochen\VisualSFM_windows_64bit\wide-baseline\mao\2740.jpg
1029.66955566
640 360
-5.78545331955 0.378116697073 -3.8300755024
-2.14494848251 0.338618814945 6.60064697266
0.167194420645 1.29486965403 0.143595118397
0.791983462096 0.0777160361232 0.601886931509 0.0667465060463
0.266554802656 -0.0121718747541 0.963743746281
0.199276641011 0.979010641575 -0.0427518598735
-0.942994236946 0.203447401524 0.263385772705
-0.0110697413431
0 0 0

00000055.jpg
E:\zhaochen\VisualSFM_windows_64bit\wide-baseline\mao\2720.jpg
1030.27185059
640 360
-5.67103862762 0.34899237752 -3.67613577843
-1.91388273239 0.33597278595 6.4823307991
0.168798428451 1.27772069501 0.144369721537
0.797025988804 0.0786076782823 0.595021282187 0.0672314827124
0.282859355211 -0.0136239090934 0.959064543247
0.200717046857 0.978601276875 -0.0452963337302
-0.937925159931 0.205313116312 0.27954107523
-0.0124332274097
0 0 0

00000056.jpg
E:\zhaochen\VisualSFM_windows_64bit\wide-baseline\mao\2380.jpg
1036.34008789
640 360
-2.31425428391 1.79859519005 -3.88517141342
-1.63707780838 -0.0104764699936 4.58313846588
0.405538596003 0.824884657778 0.182568305495
0.892215605058 0.195430438263 0.397514741568 0.0879802916603
0.668483376503 -0.0016218193341 0.743725776672
0.312367737293 0.908132910728 -0.278785169125
-0.674949645996 0.418679177761 0.607578456402
-0.0131181131059
0 0 0

00000057.jpg
E:\zhaochen\VisualSFM_windows_64bit\wide-baseline\mao\2360.jpg
1035.01550293
640 360
-2.30107879639 2.02324080467 -4.35361623764
-2.03866434097 -0.0275291204453 4.91787958145
0.403636519866 0.826459300266 0.181305160995
0.892143118468 0.194508871959 0.398263433318 0.0873693548768
0.667505919933 -0.000960523728281 0.744604229927
0.310823351145 0.909066259861 -0.277467429638
-0.67662769556 0.416651576757 0.607105195522
-0.0127438986268
0 0 0

00000058.jpg
E:\zhaochen\VisualSFM_windows_64bit\wide-baseline\mao\2340.jpg
1034.00708008
640 360
-2.27710056305 2.18398284912 -4.70578336716
-2.34824895859 -0.0363354682922 5.15594673157
0.401868307341 0.827776923705 0.179954619798
0.892110831646 0.193654591103 0.398893863378 0.086717558159
0.666727662086 -0.000228046614211 0.745301485062
0.309218645096 0.909955859184 -0.276340454817
-0.678128659725 0.414704978466 0.606763422489
-0.0115553739018
0 0 0

00000059.jpg
E:\zhaochen\VisualSFM_windows_64bit\wide-baseline\mao\2300.jpg
1033.69042969
640 360
-2.19970440865 2.24309134483 -4.82872819901
-2.51299142838 -0.0396378040314 5.18363761902
0.401675116315 0.830228562685 0.179204917879
0.891672447036 0.193531706952 0.400013703538 0.0863429977178
0.665068387985 0.000851367018186 0.74678260088
0.308810055256 0.91018140316 -0.276057183743
-0.679942190647 0.414210379124 0.605069220066
-0.00910451738325
0 0 0

00000060.jpg
E:\zhaochen\VisualSFM_windows_64bit\wide-baseline\mao\2260.jpg
1032.8770752
640 360
-1.84008836746 2.22926783562 -4.91609096527
-2.50185489655 -0.0487397909164 5.1246342659
0.395100378747 0.77116661014 0.162811698675
0.904399709436 0.191213841181 0.373215865251 0.0787947872677
0.709002971649 0.000204103824217 0.705206036568
0.285252034664 0.91445761919 -0.287052541971
-0.644939243793 0.404682427645 0.648294746876
-0.00807467041685
0 0 0

00000061.jpg
E:\zhaochen\VisualSFM_windows_64bit\wide-baseline\mao\2320.jpg
1033.24938965
640 360
-2.24317073822 2.25949239731 -4.87706184387
-2.51745820045 -0.0390937328339 5.2520198822
0.400900248431 0.829204504336 0.179680496138
0.891931220089 0.19317591655 0.399556599826 0.0865800025403
0.665716648102 -7.72856583353e-005 0.746204316616
0.308816343546 0.910373687744 -0.27541205287
-0.679303705692 0.41378647089 0.606074869633
-0.0102246138415
0 0 0

00000062.jpg
E:\zhaochen\VisualSFM_windows_64bit\wide-baseline\mao\2280.jpg
1033.19848633
640 360
-2.1795027256 2.21314764023 -4.8167181015
-2.50902175903 -0.045671582222 5.15283966064
0.396657156776 0.830561906792 0.177063755993
0.892180089035 0.191148059228 0.400245637422 0.0853265666319
0.665046036243 0.000759099202696 0.746802508831
0.305265754461 0.912363409996 -0.27277380228
-0.681562244892 0.409380167723 0.60653179884
-0.0100636436794
0 0 0

00000063.jpg
E:\zhaochen\VisualSFM_windows_64bit\wide-baseline\mao\2800.jpg
1031.79321289
640 360
-6.72851371765 0.0596529394388 -2.61238646507
-2.26687192917 0.357225328684 6.84359073639
0.147243370696 1.51879441703 0.163395523515
0.719774300921 0.0666069288109 0.687040992986 0.0739135076256
0.0450229942799 -0.0148786203936 0.998875379562
0.197925552726 0.980200409889 0.00567929865792
-0.979182422161 0.197447121143 0.0470767728984
-0.012096477855
0 0 0

00000064.jpg
E:\zhaochen\VisualSFM_windows_64bit\wide-baseline\mao\2780.jpg
1033.11914063
640 360
-6.58535909653 0.0506866872311 -2.56560897827
-2.24182772636 0.34863653779 6.6936173439
0.146253981746 1.52100514314 0.165610107471
0.718964781105 0.0661388147817 0.6878272731 0.0748920206699
0.0425693802536 -0.0167051609606 0.998953580856
0.198673740029 0.980033636093 0.00792275648564
-0.979140758514 0.198128670454 0.0450384095311
-0.0108373707755
0 0 0

00000065.jpg
E:\zhaochen\VisualSFM_windows_64bit\wide-baseline\mao\2820.jpg
1032.16015625
640 360
-7.06103849411 0.0169696491212 -2.47162818909
-2.31004571915 0.367354154587 7.10606908798
0.145442793988 1.5473326657 0.165776102686
0.709868494598 0.0655421154016 0.69728759576 0.0747050861383
0.0164178796113 -0.0146581307054 0.999757349491
0.197465017438 0.980246722698 0.0111293205991
-0.980172634125 0.197234451771 0.0189885161817
-0.0112457899082
0 0 0

00000066.jpg
E:\zhaochen\VisualSFM_windows_64bit\wide-baseline\mao\1480.jpg
1031.77526855
640 360
3.38621973991 0.823048233986 -2.97721219063
-3.81347513199 -0.00436669588089 2.54264879227
0.267041886273 0.150455278595 0.0208941283547
0.988225068316 0.132996463928 0.0749321400913 0.0104060274095
0.988553524017 -0.000635560543742 0.150867551565
0.0404984280467 0.964407801628 -0.261301457882
-0.145331725478 0.264420300722 0.953393816948
-0.0059027561173
0 0 0

00000067.jpg
E:\zhaochen\VisualSFM_windows_64bit\wide-baseline\mao\1460.jpg
1030.69812012
640 360
4.14146089554 0.695476293564 -2.41196107864
-4.14141750336 -0.0289722084999 2.51013708115
0.271797471227 0.000212850515768 -0.0015720782159
0.990779771658 0.135480805855 0.000106097967993 -0.000783621799698
0.999999344349 0.0015815673396 -2.25754411076e-006
-0.00152401917148 0.963289022446 -0.268463492393
-0.000422736426117 0.268463075161 0.963289856911
-0.00616911001494
0 0 0

00000068.jpg
E:\zhaochen\VisualSFM_windows_64bit\wide-baseline\mao\1440.jpg
1031.02526855
640 360
4.52798748016 0.684397995472 -2.31757903099
-4.4839720726 -0.0398034453392 2.49693584442
0.272579384563 -0.0176514792756 -0.00345928564876
0.990686806095 0.135866331561 -0.00879832398053 -0.00172426998348
0.999839782715 0.00102560373489 -0.0179013945162
-0.00580724235624 0.963075220585 -0.269171595573
0.0169641394168 0.269232332706 0.962926387787
-0.00671103057765
0 0 0

00000069.jpg
E:\zhaochen\VisualSFM_windows_64bit\wide-baseline\mao\1420.jpg
1031.05004883
640 360
4.77460765839 0.69714063406 -2.31536865234
-4.7329659462 -0.0392699837685 2.49826049805
0.272276871584 -0.0171444318632 -0.000322852907154
0.990710789067 0.135716634613 -0.00854565641689 -0.000160926301889
0.999853610992 -0.00200068415143 -0.0169763527811
-0.00263840984553 0.963161587715 -0.268909066916
0.0168887432665 0.268914669752 0.963016271591
-0.00738693246793
0 0 0

00000070.jpg
E:\zhaochen\VisualSFM_windows_64bit\wide-baseline\mao\1400.jpg
1030.77722168
640 360
4.82068824768 0.71724408865 -2.32099533081
-4.7797832489 -0.0291890501976 2.50865292549
0.272711238854 -0.0176465241342 0.00525306985712
0.990675818406 0.135931553881 -0.00879582174994 0.00261836641323
0.999832093716 -0.00757924001664 -0.0167157445103
0.00279656914063 0.963031709194 -0.269374281168
0.0181394871324 0.269282132387 0.962890505791
-0.00818101354044
0 0 0

00000071.jpg
E:\zhaochen\VisualSFM_windows_64bit\wide-baseline\mao\1360.jpg
1028.87609863
640 360
5.18972826004 0.447340905666 -1.3636957407
-4.73898458481 -0.0162114500999 2.55633926392
0.276635903566 -0.22476565933 -0.0233012148392
0.984093709144 0.137583795948 -0.111786330735 -0.0115887690153
0.974739849567 -0.00795111618936 -0.223205506802
-0.053568854928 0.961872577667 -0.268199771643
0.216827392578 0.273381620646 0.93714928627
-0.00699816716013
0 0 0

00000072.jpg
E:\zhaochen\VisualSFM_windows_64bit\wide-baseline\mao\1340.jpg
1029.31323242
640 360
5.23240756989 0.403506368399 -1.21562099457
-4.6872086525 -0.0158489644527 2.65489029884
0.27563028437 -0.274838730473 -0.0303831651035
0.981006535619 0.136941503338 -0.136548235302 -0.0150952799506
0.962253153324 -0.00778112886474 -0.272043466568
-0.067015402019 0.962038457394 -0.264558553696
0.263775378466 0.272803485394 0.925203680992
-0.00657251966093
0 0 0

00000073.jpg
E:\zhaochen\VisualSFM_windows_64bit\wide-baseline\mao\1320.jpg
1030.01220703
640 360
5.21995306015 0.477786570787 -1.49276685715
-4.59456205368 -0.0162842571735 2.93160629272
0.274452534729 -0.275660201047 -0.0308744473688
0.98102723132 0.136357310595 -0.136957320106 -0.0153394706792
0.962015509605 -0.00725342426449 -0.272901028395
-0.0674471780658 0.962343037128 -0.263338714838
0.264534413815 0.271742224693 0.925299167633
-0.00626942926221
0 0 0

00000074.jpg
E:\zhaochen\VisualSFM_windows_64bit\wide-baseline\mao\1200.jpg
1027.57177734
640 360
5.3981256485 0.548403859138 -1.53757321835
-4.70249128342 -0.0487747788429 3.1126947403
0.279254521184 -0.291109655332 -0.0309899357085
0.979608751323 0.138676906059 -0.14456412793 -0.0153895033993
0.957729279995 -0.00994397234172 -0.287501007318
-0.0702467411757 0.961063623428 -0.267248690128
0.278964132071 0.276147753 0.919740319252
-0.00582384708207
0 0 0

00000075.jpg
E:\zhaochen\VisualSFM_windows_64bit\wide-baseline\mao\1220.jpg
1027.78894043
640 360
5.30484867096 0.653302490711 -2.08870792389
-4.51746034622 -0.0154454708099 3.53882026672
0.272208904863 -0.273049927735 -0.0276994977407
0.981380479484 0.135258665973 -0.135676564248 -0.0137636831331
0.962804913521 -0.00968797132373 -0.270024031401
-0.0637176111341 0.963031411171 -0.26174557209
0.262577295303 0.269215285778 0.926594257355
-0.0043470682225
0 0 0

00000076.jpg
E:\zhaochen\VisualSFM_windows_64bit\wide-baseline\mao\1300.jpg
1029.45910645
640 360
5.21725177765 0.588266193867 -1.93456435204
-4.46701526642 -0.0146260857582 3.36955118179
0.26874176051 -0.275927972864 -0.0301998418484
0.981399223802 0.1335367083 -0.13710750854 -0.0150061808926
0.961952626705 -0.00716362101957 -0.27312207222
-0.0660718381405 0.96388566494 -0.257990717888
0.265106737614 0.266220569611 0.926739454269
-0.00478786650438
0 0 0

00000077.jpg
E:\zhaochen\VisualSFM_windows_64bit\wide-baseline\mao\1280.jpg
1028.83789063
640 360
5.22270441055 0.66967433691 -2.26730656624
-4.3803563118 -0.00715160369873 3.69840598106
0.266766146296 -0.275564732219 -0.0294472706289
0.981561135817 0.13256225015 -0.136934470404 -0.0146330278768
0.962069749832 -0.0075782504864 -0.2726983428
-0.0650310963392 0.964426279068 -0.256228327751
0.264939874411 0.264243483543 0.927353024483
-0.00461619686693
0 0 0

00000078.jpg
E:\zhaochen\VisualSFM_windows_64bit\wide-baseline\mao\1260.jpg
1028.78967285
640 360
5.23605728149 0.709661483765 -2.39180374146
-4.3604183197 -0.00466215610504 3.82457494736
0.269240994738 -0.274848021005 -0.0293069559696
0.981446382892 0.133786897266 -0.136573050421 -0.0145627403854
0.962271571159 -0.00795825012028 -0.271974593401
-0.0651284456253 0.963777899742 -0.258631557226
0.264181911945 0.266587108374 0.926898539066
-0.00489312045951
0 0 0

00000079.jpg
E:\zhaochen\VisualSFM_windows_64bit\wide-baseline\mao\1240.jpg
1028.36437988
640 360
5.26521730423 0.71470195055 -2.36431765556
-4.39833164215 -0.0122085213661 3.80498242378
0.26947194083 -0.274192831018 -0.0284479931828
0.981481826634 0.133903251086 -0.136249107736 -0.0141360869051
0.962473630905 -0.00873975642025 -0.271237820387
-0.0642370060086 0.963740229607 -0.258995145559
0.263666272163 0.266699284315 0.927012443542
-0.00312689464132
0 0 0

00000080.jpg
E:\zhaochen\VisualSFM_windows_64bit\wide-baseline\mao\1160.jpg
1027.63635254
640 360
5.68125629425 0.179070129991 -0.100479073822
-5.04704189301 -0.0879436731339 2.61504864693
0.279944854162 -0.450643444948 -0.0542756554872
0.964660982435 0.13831968015 -0.22266120002 -0.0268173934807
0.899406015873 -0.00985746271908 -0.437003463507
-0.113336235285 0.960297346115 -0.254920810461
0.422166824341 0.278805583715 0.862579882145
-0.005861084043
0 0 0

00000081.jpg
E:\zhaochen\VisualSFM_windows_64bit\wide-baseline\mao\1140.jpg
1026.06994629
640 360
5.88735342026 0.0970348864794 0.231012031436
-5.30699920654 -0.11083573848 2.55875062943
0.279093702339 -0.480207419005 -0.0604354692181
0.961235139853 0.137738976272 -0.236993087761 -0.0298262540174
0.885889410973 -0.00794624257833 -0.463828831911
-0.122626416385 0.960277557373 -0.250661849976
0.447395503521 0.278936326504 0.849725008011
-0.00598250560066
0 0 0

00000082.jpg
E:\zhaochen\VisualSFM_windows_64bit\wide-baseline\mao\1180.jpg
1024.22167969
640 360
5.61189699173 0.309048205614 -0.597896814346
-4.89710378647 -0.0703007280827 2.82132220268
0.281945041144 -0.404288202105 -0.0472293496465
0.96950984965 0.139536829114 -0.200085426369 -0.0233741784004
0.91883957386 -0.0105156963691 -0.394492924213
-0.101161681116 0.959966659546 -0.261211037636
0.381446242332 0.279918283224 0.88099116087
-0.00438844087189
0 0 0

00000083.jpg
E:\zhaochen\VisualSFM_windows_64bit\wide-baseline\mao\2840.jpg
1031.92199707
640 360
-7.59503936768 -0.172037214041 -1.78036570549
