# Camera parameter file. 

# The format of each camera is as follows:
# Filename (of the undistorted image in visualize folder)
# Original filename
# Focal Length (of the undistorted image)
# 2-vec Principal Point (image center)
# 3-vec Translation T (as in P = K[R T])
# 3-vec Camera Position C (as in P = K[R -RC])
# 3-vec Axis Angle format of R
# 4-vec Quaternion format of R
# 3x3 Matrix format of R
# [Normalized radial distortion] = [radial distortion] * [focal length]^2
# 3-vec Lat/Lng/Alt from EXIF

# The nubmer of cameras in this reconstruction
52

00000000.jpg
E:\zhaochen\VisualSFM_windows_64bit\wide-baseline\main-building\980.jpg
1067.28259277
640 360
0.172461554408 0.380561888218 -1.76781725883
0.294902265072 -0.0139721930027 1.79237008095
0.204559066401 -0.261808401575 0.0151844067209
0.986205012126 0.101808784268 -0.130301704756 0.0075572596966
0.965930640697 -0.0414377376437 -0.255469769239
-0.0116257080808 0.979157030582 -0.202778205276
0.258547008038 0.198839128017 0.945313632488
-0.00296034808068
0 0 0

00000001.jpg
E:\zhaochen\VisualSFM_windows_64bit\wide-baseline\main-building\1020.jpg
1068.84375
640 360
-0.941306769848 0.323735833168 -1.71136987209
1.35364675522 -0.0187131464481 1.4446297884
0.20216698654 -0.260513457105 0.0146153656593
0.986412513069 0.100625253663 -0.129666238551 0.00727455506967
0.966269254684 -0.040446806699 -0.254344761372
-0.0117439581081 0.979644954205 -0.200402483344
0.257272839546 0.196629554033 0.946124374866
0.000559933659156
0 0 0

00000002.jpg
E:\zhaochen\VisualSFM_windows_64bit\wide-baseline\main-building\1000.jpg
1068.30371094
640 360
-0.370947003365 0.351337939501 -1.72911274433
0.808351159096 -0.0173093676567 1.61156880856
0.203396359391 -0.261106906961 0.0148789388489
0.986311045584 0.101233707573 -0.12995719463 0.00740549215794
0.966114640236 -0.0409203097224 -0.254857033491
-0.011703834869 0.979395270348 -0.201620534062
0.257855832577 0.197771161795 0.945728003979
-0.000587382715744
0 0 0

00000003.jpg
E:\zhaochen\VisualSFM_windows_64bit\wide-baseline\main-building\960.jpg
1066.94177246
640 360
0.678363323212 0.412939786911 -1.82758891582
-0.176321536303 -0.0106261968613 1.98483932018
0.205550154214 -0.262674418661 0.0157874024077
0.986095816571 0.102298299595 -0.130727930995 0.00785708202216
0.96569943428 -0.0422421507537 -0.256213098764
-0.0112508079037 0.978948414326 -0.20380616188
0.259427964687 0.19969753921 0.944891989231
-0.00412466844558
0 0 0

00000004.jpg
E:\zhaochen\VisualSFM_windows_64bit\wide-baseline\main-building\940.jpg
1066.29016113
640 360
1.13108754158 0.448168456554 -1.93007194996
-0.583676636219 -0.00342863798141 2.20561003685
0.206116628528 -0.264067624955 0.0167334432029
0.985971518533 0.10257594483 -0.13141582182 0.00832756075558
0.96532279253 -0.0433816798031 -0.257436126471
-0.0105387289077 0.978819131851 -0.204462692142
0.260852903128 0.200085148215 0.944417417049
-0.00515387930902
0 0 0

00000005.jpg
E:\zhaochen\VisualSFM_windows_64bit\wide-baseline\main-building\920.jpg
1065.85192871
640 360
1.5230230093 0.49213975668 -2.08858680725
-0.916245400906 0.00326880812645 2.46667790413
0.20586549449 -0.265808149101 0.0179022232084
0.985864526554 0.102447287614 -0.132277261755 0.00890889565779
0.964848279953 -0.0446687936783 -0.258989483118
-0.00953693687916 0.978850960732 -0.204355046153
0.262640357018 0.199641540647 0.944016218185
-0.00541247487521
0 0 0

00000006.jpg
E:\zhaochen\VisualSFM_windows_64bit\wide-baseline\main-building\900.jpg
1065.55505371
640 360
1.84679806232 0.549077987671 -2.31589961052
-1.16356933117 0.00785559415817 2.77877807617
0.204951400057 -0.267744326363 0.0196310931908
0.98577452883 0.101989315924 -0.133236760914 0.00976895871323
0.964306056499 -0.046437419951 -0.260690122843
-0.00791745726019 0.979005873203 -0.203679978848
0.264675498009 0.198473900557 0.943693757057
-0.00583642954082
0 0 0

00000007.jpg
E:\zhaochen\VisualSFM_windows_64bit\wide-baseline\main-building\880.jpg
1065.33410645
640 360
2.09818577766 0.622701108456 -2.62667346001
-1.31670951843 0.0109837055206 3.15527176857
0.204171832975 -0.270033597463 0.0218692227806
0.985649487283 0.101597119286 -0.134370325294 0.0108822554176
0.963653922081 -0.0487554296851 -0.262672930956
-0.00585107179359 0.979119241238 -0.20320263505
0.26709523797 0.197353959084 0.943246483803
-0.00649453173729
0 0 0

00000008.jpg
E:\zhaochen\VisualSFM_windows_64bit\wide-baseline\main-building\860.jpg
1065.5402832
640 360
2.27223372459 0.717653036118 -3.0262465477
-1.37102842331 0.0106214284897 3.59950351715
0.20369926116 -0.272110033519 0.0254607420395
0.985512250609 0.101357296566 -0.135397336293 0.0126688332937
0.963015377522 -0.0524176247418 -0.264303416014
-0.00247646309435 0.979133427143 -0.203208431602
0.269439518452 0.196346998215 0.942788779736
-0.00573269982642
0 0 0

00000009.jpg
E:\zhaochen\VisualSFM_windows_64bit\wide-baseline\main-building\840.jpg
1064.77197266
640 360
2.41729879379 0.818290829659 -3.49641776085
-1.37746167183 0.00946021080017 4.10370826721
0.202514136538 -0.273783560143 0.0264165344073
0.98545247857 0.100765577287 -0.136227322009 0.013144155687
0.962540268898 -0.0533599406481 -0.265842199326
-0.00154817744624 0.979348301888 -0.202180579305
0.271140009165 0.195018172264 0.942577779293
-0.00581045897511
0 0 0

00000010.jpg
E:\zhaochen\VisualSFM_windows_64bit\wide-baseline\main-building\820.jpg
1064.24072266
640 360
2.58507227898 0.915423512459 -3.98562717438
-1.40179765224 0.00772082805634 4.63041782379
0.200391858084 -0.274691200881 0.0255292251862
0.985502482899 0.0997112620436 -0.13668123333 0.0127028677046
0.96231430769 -0.0522947236896 -0.266866087914
-0.00221989303827 0.97979336977 -0.200003832579
0.271932691336 0.193058952689 0.942752897739
-0.00647700864989
0 0 0

00000011.jpg
E:\zhaochen\VisualSFM_windows_64bit\wide-baseline\main-building\800.jpg
1063.52172852
640 360
2.82362818718 1.01024448872 -4.41844320297
-1.50791656971 0.000735938549042 5.12272930145
0.199172873206 -0.275613053798 0.0235493843473
0.985512129647 0.0991050386874 -0.137140374187 0.0117177736568
0.962111055851 -0.0502786077559 -0.267984330654
-0.00408657547086 0.980082929134 -0.198552370071
0.272629678249 0.192124500871 0.942742645741
-0.00664411710508
0 0 0

00000012.jpg
E:\zhaochen\VisualSFM_windows_64bit\wide-baseline\main-building\780.jpg
1062.95324707
640 360
3.14701461792 1.08882260323 -4.78563594818
-1.71330416203 -0.00241565704346 5.57280492783
0.197896473647 -0.276346869321 0.0209613827149
0.985538861835 0.0984708073587 -0.137506741942 0.0104301215744
0.96196526289 -0.0476393587887 -0.268982172012
-0.00652219820768 0.980390548706 -0.196962073445
0.273090779781 0.191225156188 0.942791581154
-0.00642663642828
0 0 0

00000013.jpg
E:\zhaochen\VisualSFM_windows_64bit\wide-baseline\main-building\760.jpg
1062.70251465
640 360
3.55849528313 1.15212535858 -5.06734418869
-2.02427816391 -0.00143098831177 5.96411132813
0.197539027455 -0.277325170951 0.0178955795395
0.985503964694 0.0982917954552 -0.137991916478 0.0089045120162
0.961758613586 -0.0446777939796 -0.27023267746
-0.00957606639713 0.980518817902 -0.196191310883
0.273733645678 0.191276505589 0.942594826221
-0.00710178621909
0 0 0

00000014.jpg
E:\zhaochen\VisualSFM_windows_64bit\wide-baseline\main-building\740.jpg
1062.34301758
640 360
4.05243062973 1.20228898525 -5.2594628334
-2.43986320496 -0.000468850135803 6.29100751877
0.198016814458 -0.277993245944 0.0143299168611
0.985448668036 0.0985277050037 -0.138321771333 0.00713017136995
0.961633443832 -0.0413098856807 -0.271212935448
-0.0132042141631 0.980483412743 -0.196160525084
0.274023085833 0.192215457559 0.942319452763
-0.00670105399609
0 0 0

00000015.jpg
E:\zhaochen\VisualSFM_windows_64bit\wide-baseline\main-building\720.jpg
1062.09338379
640 360
4.59951210022 1.24562418461 -5.3477063179
-2.93922472 0.000633716583252 6.53193092346
0.200188269835 -0.278025463883 0.0119238390734
0.985346662738 0.099604751266 -0.138333066161 0.00593277031676
0.961658060551 -0.0392488949001 -0.271430015564
-0.0158655531704 0.980086684227 -0.197931468487
0.273794084787 0.194649368525 0.941887438297
-0.00684020134094
0 0 0

00000016.jpg
E:\zhaochen\VisualSFM_windows_64bit\wide-baseline\main-building\700.jpg
1061.49951172
640 360
5.1584854126 1.28264164925 -5.36078596115
-3.46477222443 -0.000795125961304 6.70735359192
0.202029510006 -0.279140300675 0.0116114420818
0.985178241288 0.100515188005 -0.138879908193 0.00577700893212
0.961357831955 -0.0393018238246 -0.272481411695
-0.016536289826 0.979727447033 -0.199655264616
0.274804443121 0.196446239948 0.941219389439
-0.00942043214594
0 0 0

00000017.jpg
E:\zhaochen\VisualSFM_windows_64bit\wide-baseline\main-building\680.jpg
1061.3548584
640 360
5.68620157242 1.32065141201 -5.37964677811
-3.95603251457 -0.0047652721405 6.88240528107
0.20304609106 -0.280664829531 0.0119902418262
0.985019911574 0.101015596048 -0.139630981797 0.00596515509611
0.960936248302 -0.0399614088237 -0.273873478174
-0.0164582226425 0.979521930218 -0.200670689344
0.276283711195 0.197338804603 0.940598726273
-0.0115884663072
0 0 0

00000018.jpg
E:\zhaochen\VisualSFM_windows_64bit\wide-baseline\main-building\660.jpg
1061.40600586
640 360
6.17210102081 1.35430419445 -5.41484546661
-4.39981269836 -0.00656545162201 7.06337499619
0.203336632536 -0.282534611682 0.0123811378598
0.984873017474 0.101155152465 -0.140554268873 0.00615932246088
0.960414111614 -0.0405678637326 -0.275610178709
-0.016303261742 0.979460120201 -0.200981348753
0.278102248907 0.197518572211 0.940025210381
-0.013064597228
0 0 0

00000019.jpg
E:\zhaochen\VisualSFM_windows_64bit\wide-baseline\main-building\640.jpg
1060.47375488
640 360
6.60283517838 1.39798653126 -5.47348642349
-4.78595781326 -0.00746095180511 7.25296068192
0.204502506947 -0.284056782047 0.0131684161334
0.984703932407 0.101729372529 -0.141303491246 0.00655060287743
0.959980666637 -0.0416502319276 -0.276951372623
-0.0158486142755 0.979217171669 -0.202197879553
0.279617041349 0.19849537313 0.939369499683
-0.0140997938263
0 0 0

00000020.jpg
E:\zhaochen\VisualSFM_windows_64bit\wide-baseline\main-building\620.jpg
1060.75756836
640 360
7.00516891479 1.42915141582 -5.55510139465
-5.13888263702 -0.00389516353607 7.45426368713
0.204587021436 -0.285404040122 0.0131403459231
0.984604596807 0.101768019999 -0.141968947292 0.00653642140788
0.959604978561 -0.0417673587799 -0.278236120939
-0.0160241965204 0.979202508926 -0.202258512378
0.280896991491 0.198546528816 0.938977360725
-0.016224138613
0 0 0

00000021.jpg
E:\zhaochen\VisualSFM_windows_64bit\wide-baseline\main-building\600.jpg
1059.31469727
640 360
7.29016637802 1.49071288109 -5.81053781509
-5.45576334 0.000909924507141 7.70492172241
0.204168512498 -0.270531727106 0.0153107438458
0.985646433419 0.10159536288 -0.134618059609 0.00761870945692
0.963640272617 -0.0423718579113 -0.263823539019
-0.0123344426975 0.979242146015 -0.202325642109
0.266919702291 0.198222786188 0.943113148212
-0.0187760858254
0 0 0

00000022.jpg
E:\zhaochen\VisualSFM_windows_64bit\wide-baseline\main-building\580.jpg
1058.90368652
640 360
7.60898113251 1.54478180408 -5.99213314056
-5.69387722015 0.00362730026245 7.98551130295
0.203567550149 -0.273196039531 0.0166385285835
0.985491263521 0.101291045969 -0.135936757005 0.00827899123598
0.962905168533 -0.0438560806215 -0.266251683235
-0.0112205864862 0.979343593121 -0.201893702149
0.269606262445 0.197392061353 0.942523360252
-0.0203800674471
0 0 0

00000023.jpg
E:\zhaochen\VisualSFM_windows_64bit\wide-baseline\main-building\560.jpg
1058.70581055
640 360
7.86222362518 1.61389601231 -6.25003480911
-5.84292936325 0.00637137889862 8.32720756531
0.202598644419 -0.276377773382 0.0186309601538
0.985314034843 0.100802942221 -0.13751174299 0.00926983300055
0.962009429932 -0.0459905676544 -0.26911559701
-0.00945578143001 0.979506254196 -0.20119458437
0.272853404284 0.196095630527 0.941859304905
-0.0212945734175
0 0 0

00000024.jpg
E:\zhaochen\VisualSFM_windows_64bit\wide-baseline\main-building\540.jpg
1058.94384766
640 360
7.86048126221 1.74618887901 -6.83366584778
-5.93120574951 0.00908052921295 8.73820877075
0.20184952813 -0.248386579692 0.0244474823899
0.987148434795 0.100492045443 -0.123660806567 0.0121713314569
0.969120621681 -0.0488836541772 -0.241696864367
-0.000824010989163 0.979507446289 -0.201411321759
0.246589422226 0.195390939713 0.949220061302
-0.0237961238341
0 0 0

00000025.jpg
E:\zhaochen\VisualSFM_windows_64bit\wide-baseline\main-building\520.jpg
1057.19006348
640 360
7.49122095108 1.93093192577 -7.78270578384
-5.98528957367 0.00802373886108 9.19748878479
0.20033747934 -0.180085685622 0.0335622112547
0.990802850011 0.0998614619925 -0.0897666273399 0.0167296278991
0.983324766159 -0.0510799996555 -0.174540743232
0.0152230523527 0.979496479034 -0.200889587402
0.181223377585 0.194882497191 0.963939905167
-0.0248182353609
0 0 0

00000026.jpg
E:\zhaochen\VisualSFM_windows_64bit\wide-baseline\main-building\500.jpg
1058.50354004
640 360
7.15519332886 2.0875518322 -8.55452346802
-6.05867004395 -0.000145673751831 9.59307956696
0.199931505483 -0.124854453272 0.0398544814241
0.992864903168 0.0997278843468 -0.0622786811211 0.0198798238655
0.991453051567 -0.0518978089094 -0.119703546166
0.0270541086793 0.979318141937 -0.200508743525
0.127633720636 0.195556521416 0.972351670265
-0.026256603997
0 0 0

00000027.jpg
E:\zhaochen\VisualSFM_windows_64bit\wide-baseline\main-building\480.jpg
1058.19958496
640 360
6.8786687851 2.21147441864 -9.17056274414
-6.14545059204 -0.00362229347229 9.92671012878
0.199607069786 -0.0816951776473 0.0449841719586
0.993938852755 0.0996018119897 -0.0407650276778 0.0224466249755
0.995669543743 -0.0527416802943 -0.0765644162893
0.0365006104112 0.979151904583 -0.19982624054
0.085507363081 0.196166202426 0.976836323738
-0.0277074036583
0 0 0

00000028.jpg
E:\zhaochen\VisualSFM_windows_64bit\wide-baseline\main-building\460.jpg
1058.91235352
640 360
6.62026071548 2.31126332283 -9.68939685822
-6.24512338638 -0.0030962228775 10.2006254196
0.199146121636 -0.0433567056745 0.0496195630597
0.994505052903 0.0993906110178 -0.0216386311383 0.0247643220486
0.997837603092 -0.0535578839481 -0.0381167158484
0.0449550896883 0.979016602039 -0.198760688305
0.0479621961713 0.196617171168 0.979306995869
-0.0258512632866
0 0 0

00000029.jpg
E:\zhaochen\VisualSFM_windows_64bit\wide-baseline\main-building\440.jpg
1059.62414551
640 360
6.34457969666 2.39358329773 -10.1255483627
-6.3539481163 -0.00205874443054 10.3989048004
0.198702771373 -0.00541338968654 0.0541678725304
0.994699107686 0.0991757732376 -0.00270191051835 0.0270360629885
0.9985242486 -0.0543214417994 -1.25863462017e-005
0.0532495491207 0.978866636753 -0.197446122766
0.0107377655804 0.197154089808 0.98031437397
-0.025533904096
0 0 0

00000030.jpg
E:\zhaochen\VisualSFM_windows_64bit\wide-baseline\main-building\420.jpg
1060.12243652
640 360
6.05311489105 2.47058963776 -10.4964065552
-6.47072315216 -0.0019428730011 10.5379524231
0.199053120068 0.0326890119934 0.0584630156196
0.994491687536 0.0993437517091 0.0163144847465 0.0291778159815
0.997765243053 -0.0547927394509 0.0382465906441
0.0612756423652 0.978559672832 -0.19664105773
-0.0266518872231 0.198545083404 0.979729950428
-0.0243837262269
0 0 0

00000031.jpg
E:\zhaochen\VisualSFM_windows_64bit\wide-baseline\main-building\400.jpg
1060.37341309
640 360
5.74756717682 2.53299856186 -10.8287611008
-6.59627342224 0.00235915184021 10.6396389008
0.198753349262 0.0712654741017 0.0634518951172
0.993930217308 0.0991755282118 0.035560613512 0.0316617316773
0.995466113091 -0.055885642767 0.0769696682692
0.0699925646186 0.978323400021 -0.194895207882
-0.0644094049931 0.199399009347 0.977799594402
-0.0234765152638
0 0 0

00000032.jpg
E:\zhaochen\VisualSFM_windows_64bit\wide-baseline\main-building\380.jpg
1059.81311035
640 360
5.43232727051 2.59372520447 -11.1415987015
-6.72313690186 0.00601410865784 10.7318410873
0.198896419094 0.109446983993 0.0678363631011
0.992990859391 0.0992157519662 0.0545955772696 0.0338388986911
0.991749048233 -0.0563699491322 0.115140482783
0.0780369192362 0.978022575378 -0.193345710635
-0.101711153984 0.200735628605 0.974351763725
-0.0232498163931
0 0 0

00000033.jpg
E:\zhaochen\VisualSFM_windows_64bit\wide-baseline\main-building\360.jpg
1057.99072266
640 360
5.18325090408 2.6432185173 -11.4217424393
-6.84733390808 0.0112521648407 10.8361797333
0.198632050579 0.140279217193 0.0714312789372
0.99198139483 0.0990504244458 0.0699520342434 0.0356201251351
0.987676024437 -0.0568114370108 0.145838603377
0.0845265686512 0.977840960026 -0.191529050469
-0.131725862622 0.201495662332 0.970591366291
-0.0231559591122
0 0 0

00000034.jpg
E:\zhaochen\VisualSFM_windows_64bit\wide-baseline\main-building\340.jpg
1057.52148438
640 360
4.96961069107 2.69247508049 -11.6744861603
-6.96317195892 0.0109691619873 10.9432239532
0.198023995934 0.166321002075 0.0750313954086
0.990950466566 0.0987131465934 0.082909494791 0.037402462763
0.983454406261 -0.0577594190836 0.171702504158
0.090496532619 0.977713882923 -0.189437702298
-0.156934306026 0.201841652393 0.966763019562
-0.0257766666427
0 0 0

00000035.jpg
E:\zhaochen\VisualSFM_windows_64bit\wide-baseline\main-building\320.jpg
1056.78479004
640 360
4.76105260849 2.75323224068 -11.9337739944
-7.0651473999 0.00457239151001 11.0791053772
0.198013646378 0.189581383058 0.0779086112223
0.989864618914 0.0986721060013 0.0944702280232 0.0388226108936
0.979136168957 -0.0582151003182 0.194686815143
0.0955014154315 0.977513253689 -0.188008874655
-0.179364129901 0.202679231763 0.962678432465
-0.0256274002178
0 0 0

00000036.jpg
E:\zhaochen\VisualSFM_windows_64bit\wide-baseline\main-building\300.jpg
1056.71679688
640 360
4.54333257675 2.80160188675 -12.2000598907
-7.16072750092 5.43594360352e-005 11.2274723053
0.197069458548 0.212114176545 0.0806740933331
0.98872893827 0.0981642533521 0.1056583294 0.0401853853725
0.97444242239 -0.0587211288512 0.21682433784
0.100208684802 0.977497518063 -0.185623839498
-0.201045453548 0.202607512474 0.958399713039
-0.0272752001194
0 0 0

00000037.jpg
E:\zhaochen\VisualSFM_windows_64bit\wide-baseline\main-building\280.jpg
1056.43945313
640 360
4.42371273041 2.84356069565 -12.4491462708
-7.25084352493 -0.00171709060669 11.4044551849
0.196042876274 0.225314213904 0.0823863546493
0.988025564358 0.0976298744421 0.112207078531 0.0410286240083
0.971451818943 -0.0591650232673 0.229738175869
0.102984294295 0.97757011652 -0.183714210987
-0.213715672493 0.202129036188 0.955756127834
-0.0256692137993
0 0 0

00000038.jpg
E:\zhaochen\VisualSFM_windows_64bit\wide-baseline\main-building\260.jpg
1058.44641113
640 360
4.18035411835 2.88085603714 -12.7384777069
-7.33242034912 0.00240063667297 11.5878915787
0.194238600031 0.246676240507 0.086024163119
0.986782105466 0.0966910175361 0.122794216458 0.0428224043179
0.966176271439 -0.0607664324343 0.25062340498
0.108259096742 0.977634251118 -0.180309206247
-0.234061136842 0.201342657208 0.951145172119
-0.0282404649055
0 0 0

00000039.jpg
E:\zhaochen\VisualSFM_windows_64bit\wide-baseline\main-building\240.jpg
1056.82861328
640 360
3.77195429802 2.95368742943 -13.1207904816
-7.42764854431 -0.00470232963562 11.8295030594
0.193912564506 0.279437088319 0.0891908281309
0.984584619516 0.0964575623689 0.138999865446 0.044366025941
0.957421779633 -0.060549069196 0.282273232937
0.114179357886 0.977455496788 -0.177607566118
-0.265155285597 0.20227496326 0.94275021553
-0.0256773299434
0 0 0

00000040.jpg
E:\zhaochen\VisualSFM_windows_64bit\wide-baseline\main-building\220.jpg
1056.35498047
640 360
3.428201437 3.00076508522 -13.4887123108
-7.5258769989 -0.00274777412415 12.0856714249
0.192173211045 0.305884224566 0.0923578454034
0.982672005392 0.095530965671 0.152057694189 0.0459118839234
0.949540734291 -0.0611801557243 0.307618170977
0.119285136461 0.977531969547 -0.173788696527
-0.290073186159 0.201713725924 0.935504376888
-0.0246226203431
0 0 0

00000041.jpg
E:\zhaochen\VisualSFM_windows_64bit\wide-baseline\main-building\200.jpg
1056.7767334
640 360
3.27639365196 3.0241985321 -13.7764997482
-7.61604690552 -0.00156998634338 12.315366745
0.190045803947 0.317808726633 0.092999718978
0.981834137222 0.0944468111115 0.157940981335 0.0462179469862
0.945836782455 -0.0609227754176 0.318873882294
0.120590656996 0.977887570858 -0.17086276412
-0.301413506269 0.200061649084 0.932268738747
-0.0300543192064
0 0 0

00000042.jpg
E:\zhaochen\VisualSFM_windows_64bit\wide-baseline\main-building\180.jpg
1056.921875
640 360
2.36932301521 3.08128404617 -14.1227998734
-7.69436597824 -7.89165496826e-005 12.4642887115
0.189539585025 0.382336174396 0.101747477628
0.976039151148 0.0940116549064 0.189638784325 0.050466760034
0.922980546951 -0.0628586038947 0.379678636789
0.134171530604 0.977230548859 -0.164377138019
-0.360700875521 0.202659085393 0.910398602486
-0.0371497650154
0 0 0

00000043.jpg
E:\zhaochen\VisualSFM_windows_64bit\wide-baseline\main-building\160.jpg
1055.44921875
640 360
1.98384928703 3.10517692566 -14.2570171356
-7.72994995117 0.00321269035339 12.5334835052
0.189815777505 0.409114125712 0.105008805722
0.973315662701 0.0940621926598 0.202734315442 0.0520365516749
0.912381827831 -0.063156761229 0.404438257217
0.139435201883 0.976889431477 -0.162005245686
-0.384859681129 0.20420357585 0.900102257729
-0.0351237207002
0 0 0

00000044.jpg
E:\zhaochen\VisualSFM_windows_64bit\wide-baseline\main-building\140.jpg
1057.14660645
640 360
1.56513392925 3.11431193352 -14.3118286133
-7.73298311234 0.00347280502319 12.5370635986
0.189661021456 0.437553928409 0.109535462119
0.97022117916 0.0938873150126 0.216600982089 0.0542230045901
0.900287926197 -0.0645443499088 0.430483371019
0.145888879895 0.97649037838 -0.15869346261
-0.410120069981 0.205672383308 0.888538241386
-0.0345058716326
0 0 0

00000045.jpg
E:\zhaochen\VisualSFM_windows_64bit\wide-baseline\main-building\120.jpg
1059.11767578
640 360
1.15148425102 3.12178683281 -14.3380327225
-7.73654174805 -0.00282311439514 12.5218410492
0.190089753788 0.466404120716 0.111742534288
0.966914869102 0.0939943557952 0.230624502338 0.0552537278626
0.887518405914 -0.063496530056 0.456375658512
0.150206074119 0.97622436285 -0.156283378601
-0.435601383448 0.207254782319 0.875954687595
-0.0369441286025
0 0 0

00000046.jpg
E:\zhaochen\VisualSFM_windows_64bit\wide-baseline\main-building\100.jpg
1056.29492188
640 360
0.686946868896 3.11745214462 -14.3988084793
-7.80872821808 0.00500178337097 12.5115947723
0.189948903768 0.502633003436 0.114811102695
0.962499024341 0.0937842454315 0.24816703872 0.0566861530642
0.870399415493 -0.062572479248 0.488353520632
0.155668988824 0.975982367992 -0.152399212122
-0.467088609934 0.208669766784 0.859235703945
-0.0281524114842
0 0 0

00000047.jpg
E:\zhaochen\VisualSFM_windows_64bit\wide-baseline\main-building\80.jpg
1055.71472168
640 360
0.777261137962 3.11779475212 -14.411362648
-7.91933441162 0.0105278491974 12.4617958069
0.19003931426 0.504839275805 0.113884474741
0.962246545948 0.0938208467008 0.249234999023 0.0562238286743
0.8694409132 -0.0614354945719 0.49020075798
0.154969245195 0.976073265076 -0.152531638741
-0.469101309776 0.208583503962 0.858159482479
-0.0277364873413
0 0 0

00000048.jpg
E:\zhaochen\VisualSFM_windows_64bit\wide-baseline\main-building\60.jpg
1056.00134277
640 360
0.817226946354 3.12410092354 -14.4151515961
-7.98619508743 0.0135490894318 12.4275894165
0.189498566895 0.506907516727 0.11672057231
0.961933000252 0.0935439306866 0.250229447041 0.0576178559276
0.868131101131 -0.0640341117978 0.492187649012
0.157663956285 0.975859701633 -0.151130646467
-0.470628201962 0.208801329136 0.857269585133
-0.0267908705524
0 0 0

00000049.jpg
E:\zhaochen\VisualSFM_windows_64bit\wide-baseline\main-building\20.jpg
1052.2578125
640 360
0.746981322765 3.11167097092 -14.4318971634
-8.01122093201 0.0168387889862 12.4233789444
0.188969136792 0.513416800264 0.116260945224
0.961151463638 0.093257840847 0.253375461517 0.0573757435236
0.865017950535 -0.0630350857973 0.497765988111
0.157552033663 0.976022422314 -0.150194644928
-0.476362794638 0.208344995975 0.854208171368
-0.0318797645186
0 0 0

00000050.jpg
E:\zhaochen\VisualSFM_windows_64bit\wide-baseline\main-building\40.jpg
1049.7545166
640 360
0.790808260441 3.14179325104 -14.4366893768
-8.01684474945 0.00985908508301 12.4356060028
0.190340313277 0.510274439878 0.116338019604
0.961481816338 0.0939450625656 0.251852922561 0.0574202193024
0.866546034813 -0.063096344471 0.495092689991
0.157737642527 0.975754380226 -0.151730105281
-0.473515331745 0.209575772285 0.855488717556
-0.0337541760198
0 0 0

00000051.jpg
E:\zhaochen\VisualSFM_windows_64bit\wide-baseline\main-building\1040.jpg
1068.78845215
640 360
-1.52268910408 0.293903559446 -1.7127840519
1.91444158554 -0.0203855931759 1.29347956181
0.201283235864 -0.2601795149 0.0183384075515
0.986462604684 0.100187064957 -0.129502200458 0.0091277906015
0.96629178524 -0.0439573377371 -0.253669172525
-0.00794044137001 0.979758620262 -0.200025752187
0.257327139378 0.195297420025 0.946383476257
0.000164449538892
0 0 0

