# Camera parameter file. 

# The format of each camera is as follows:
# Filename (of the undistorted image in visualize folder)
# Original filename
# Focal Length (of the undistorted image)
# 2-vec Principal Point (image center)
# 3-vec Translation T (as in P = K[R T])
# 3-vec Camera Position C (as in P = K[R -RC])
# 3-vec Axis Angle format of R
# 4-vec Quaternion format of R
# 3x3 Matrix format of R
# [Normalized radial distortion] = [radial distortion] * [focal length]^2
# 3-vec Lat/Lng/Alt from EXIF

# The nubmer of cameras in this reconstruction
128

00000000.jpg
E:\zhaochen\VisualSFM_windows_64bit\south-building\223.JPG
892.338745117
538 403.5
0.336817651987 -0.483048260212 -2.16671538353
0.0230992734432 0.0124916136265 2.24516415596
-0.216257635795 -0.155398867995 0.0600503777563
0.990699703878 -0.107793399591 -0.0774584084031 0.0299320499887
0.986209392548 -0.0426083169878 -0.159928977489
0.0760063752532 0.974971234798 0.208944872022
0.147023111582 -0.218218684196 0.964762985706
0.0250601249508
0 0 0

00000001.jpg
E:\zhaochen\VisualSFM_windows_64bit\south-building\224.JPG
890.933227539
538 403.5
-0.312409847975 -0.805196285248 -2.67157483101
0.902117848396 0.0222200155258 2.65875315666
-0.291445151871 -0.219438256232 -0.00407829347708
0.983407870023 -0.144915731595 -0.109111629538 -0.00202785628477
0.976182460785 0.0356123894453 -0.214014708996
0.0276355501264 0.957991838455 0.285464942455
0.2151902318 -0.284580141306 0.934189856052
0.0199840133254
0 0 0

00000002.jpg
E:\zhaochen\VisualSFM_windows_64bit\south-building\222.JPG
891.790893555
538 403.5
1.21473050117 -0.464284032583 -1.88097751141
-0.678488135338 0.0134289860725 2.18373394012
-0.244683976549 -0.254679572059 0.0541256295553
0.984085297719 -0.121692284957 -0.126663541654 0.0269190963308
0.96646541357 -0.0221534166485 -0.25584718585
0.0838093310595 0.968934237957 0.232691854239
0.242743730545 -0.246330499649 0.938295841217
0.0263010828441
0 0 0

00000003.jpg
E:\zhaochen\VisualSFM_windows_64bit\south-building\327.JPG
892.621459961
538 403.5
0.789113819599 -0.722963750362 -2.73842406273
0.103781402111 -0.0118373036385 2.93827414513
-0.255839532984 -0.309872010116 0.00371750518599
0.979882342297 -0.127060795106 -0.15389562171 0.0018462712124
0.952626109123 0.0354899168015 -0.302068203688
0.042726431042 0.967706859112 0.248441159725
0.301130205393 -0.249577358365 0.920344650745
0.0210254850462
0 0 0

00000004.jpg
E:\zhaochen\VisualSFM_windows_64bit\south-building\326.JPG
892.59197998
538 403.5
1.72368645668 -0.730384767056 -2.65744256973
-0.635180830956 -0.00305926799774 3.18796348572
-0.262345471368 -0.361361463921 0.0386919801773
0.97499216853 -0.130077453204 -0.179172061435 0.0191844525261
0.935059964657 0.00920308753848 -0.354373723269
0.0840218514204 0.965423703194 0.246774286032
0.344391703606 -0.260523706675 0.901955246925
0.0225068073713
0 0 0

00000005.jpg
E:\zhaochen\VisualSFM_windows_64bit\south-building\221.JPG
894.987365723
538 403.5
2.35209822655 -0.670523762703 -2.68152666092
-1.26073026657 0.00632482767105 3.40339493752
-0.265483236807 -0.343337851608 0.0854667061994
0.975641564052 -0.131662065217 -0.170272786913 0.0423858138119
0.93842202425 -0.0378697887063 -0.343411535025
0.127543658018 0.961738109589 0.242475658655
0.321089297533 -0.271344274282 0.907345712185
0.026180098145
0 0 0

00000006.jpg
E:\zhaochen\VisualSFM_windows_64bit\south-building\325.JPG
892.985412598
538 403.5
2.84140276909 -0.629783630371 -2.40472555161
-1.31913876534 -0.018495798111 3.53729295731
-0.254903693115 -0.492775838655 0.060547783085
0.961318467769 -0.125804225017 -0.243202763096 0.0298825287088
0.879919588566 0.0037386843469 -0.475109428167
0.118645191193 0.966561853886 0.22734092176
0.460071802139 -0.256410777569 0.850051343441
0.0231898884612
0 0 0

00000007.jpg
E:\zhaochen\VisualSFM_windows_64bit\south-building\220.JPG
894.146606445
538 403.5
2.75739264488 -0.895847260952 -2.85501265526
-1.51792645454 0.00999647378922 3.77527165413
-0.302724072741 -0.358292375012 0.0628334481076
0.972135327729 -0.149953522747 -0.177479125859 0.0311243727821
0.935065865517 -0.0072869444266 -0.354401886463
0.113741464913 0.953091740608 0.280502468348
0.335733026266 -0.302597999573 0.892030775547
0.0266702835247
0 0 0

00000008.jpg
E:\zhaochen\VisualSFM_windows_64bit\south-building\324.JPG
892.486694336
538 403.5
3.37725996971 -0.627258360386 -2.57190442085
-1.68326699734 -0.0199202895164 3.9471848011
-0.257396619446 -0.498017294008 0.0826902299934
0.960129126468 -0.126983281574 -0.245690368467 0.0407941517697
0.87594473362 -0.015938160941 -0.482149213552
0.140732452273 0.964423239231 0.223795175552
0.461428701878 -0.263886213303 0.847023785114
0.0218296587197
0 0 0

00000009.jpg
E:\zhaochen\VisualSFM_windows_64bit\south-building\219.JPG
895.235412598
538 403.5
3.44938611984 -0.80922049284 -3.01253795624
-1.7934525013 0.0122584104538 4.29091119766
-0.288867592783 -0.430956792967 0.105517652527
0.965166763723 -0.142752837127 -0.212970601107 0.0521448048917
0.903849959373 -0.0398524664342 -0.425992041826
0.161461263895 0.953806042671 0.253349810839
0.396216541529 -0.29777136445 0.868531525135
0.0238233751426
0 0 0

00000010.jpg
E:\zhaochen\VisualSFM_windows_64bit\south-building\218.JPG
895.761169434
538 403.5
4.22142648697 -0.802653312683 -2.80228662491
-2.01062226295 0.00805658102036 4.71962451935
-0.315220801744 -0.552480776124 0.134505536167
0.947627495929 -0.154849188526 -0.271400870074 0.0660745515919
0.843952059746 -0.0411755926907 -0.534836888313
0.209280654788 0.943312525749 0.257613480091
0.493910819292 -0.329343914986 0.80472689867
0.0220107687818
0 0 0

00000011.jpg
E:\zhaochen\VisualSFM_windows_64bit\south-building\323.JPG
892.785400391
538 403.5
4.34708547592 -0.412774175406 -2.25471878052
-2.0791387558 -0.00272464752197 4.45291996002
-0.186437964654 -0.645983692002 0.0702512682188
0.943418410134 -0.0914541000288 -0.316876754662 0.0344606127983
0.796804010868 -0.00706222839653 -0.60419768095
0.122980877757 0.980897724628 0.150719389319
0.591591775417 -0.194398537278 0.782451450825
0.0204180587143
0 0 0

00000012.jpg
E:\zhaochen\VisualSFM_windows_64bit\south-building\217.JPG
896.006347656
538 403.5
5.03771209717 -0.547689020634 -2.29588794708
-2.35540246964 0.00374323129654 5.04000711441
-0.291797370317 -0.684590283696 0.149523603258
0.928839673607 -0.142421250292 -0.3341366786 0.0729798849835
0.766053259373 -0.0403967238963 -0.641506671906
0.230749726295 0.948782026768 0.215802624822
0.599930942059 -0.313343405724 0.736137270927
0.0213332264898
0 0 0

00000013.jpg
E:\zhaochen\VisualSFM_windows_64bit\south-building\322.JPG
894.203857422
538 403.5
5.19990158081 -0.461341798306 -1.67721450329
-2.6591296196 -0.0224353075027 4.79514408112
-0.263845508347 -0.737096728424 0.100637560838
0.923124186297 -0.128524547477 -0.359054903232 0.0490226157228
0.737352848053 0.0017869026633 -0.675505816936
0.18280275166 0.962157726288 0.202084690332
0.650303244591 -0.272491782904 0.709122478962
0.0216294683615
0 0 0

00000014.jpg
E:\zhaochen\VisualSFM_windows_64bit\south-building\216.JPG
896.46295166
538 403.5
5.79085254669 -0.520168185234 -1.62644720078
-2.71552062035 0.00400283932686 5.39219808578
-0.288520544851 -0.811076915938 0.124449390897
0.906909152084 -0.13975542046 -0.392874606106 0.0602815891663
0.684031128883 0.000472765794257 -0.729452490807
0.219152465463 0.953670024872 0.20612475276
0.69575381279 -0.300857126713 0.652235686779
0.0210851470846
0 0 0

00000015.jpg
E:\zhaochen\VisualSFM_windows_64bit\south-building\215.JPG
896.821594238
538 403.5
6.36560487747 -0.279879778624 -1.30774533749
-3.00820565224 -9.95099544525e-005 5.76716423035
-0.26381485182 -0.874772718931 0.143699085163
0.894958002834 -0.1272556403 -0.421961696609 0.0693157302054
0.634287774563 -0.0166752822697 -0.772917747498
0.231463387609 0.958003044128 0.169279828668
0.737634241581 -0.286273986101 0.611508488655
0.0208525280885
0 0 0

00000016.jpg
E:\zhaochen\VisualSFM_windows_64bit\south-building\321.JPG
894.892211914
538 403.5
6.26292705536 -0.230942323804 -0.760479271412
-3.19418525696 -0.0280155539513 5.44540214539
-0.272869341777 -0.908134212205 0.128539520032
0.887706408206 -0.131288467423 -0.436940068674 0.0618455575787
0.610518157482 0.00492877000943 -0.791988313198
0.224531561136 0.957878053188 0.179045632482
0.759509682655 -0.287136822939 0.583694458008
0.0208913127289
0 0 0

00000017.jpg
E:\zhaochen\VisualSFM_windows_64bit\south-building\214.JPG
896.157897949
538 403.5
6.85923433304 -0.428224086761 -1.20616400242
-3.25599098206 -0.00167420506477 6.17137241364
-0.285010172115 -0.895033329775 0.129337554758
0.88970868339 -0.137226493136 -0.430940005309 0.0622733530472
0.620825588703 0.00746250431985 -0.783913433552
0.229083076119 0.954581975937 0.190511271358
0.749730825424 -0.297855138779 0.590918600559
0.0195584896718
0 0 0

00000018.jpg
E:\zhaochen\VisualSFM_windows_64bit\south-building\320.JPG
894.653930664
538 403.5
7.3534154892 0.0978752151132 0.243597283959
-3.72021460533 -0.0282612740993 6.34830379486
-0.296605278212 -1.06661704117 0.17474219716
0.847044042488 -0.140661332049 -0.505829750237 0.0828692947267
0.47453892231 0.00191377196461 -0.880233585835
0.282689541578 0.946695327759 0.154457435012
0.833606719971 -0.322127938271 0.44870018959
0.0209145709439
0 0 0

00000019.jpg
E:\zhaochen\VisualSFM_windows_64bit\south-building\213.JPG
897.13861084
538 403.5
7.47431516647 -0.00639897352085 0.223785698414
-3.55179691315 -0.00224320963025 6.58028936386
-0.243311824666 -1.098890503 0.138872509871
0.8435053824 -0.115240945576 -0.520472775316 0.06577485239
0.449562758207 0.00899691600353 -0.893203139305
0.230922684073 0.964788198471 0.125944808125
0.862883210182 -0.262880623341 0.431654363871
0.0202484539549
0 0 0

00000020.jpg
E:\zhaochen\VisualSFM_windows_64bit\south-building\212.JPG
896.033935547
538 403.5
7.93647670746 -0.0858196690679 -0.114486202598
-3.76932787895 -0.00689271464944 6.98571920395
-0.286808911879 -1.0509792976 0.159758536818
0.852246731412 -0.136269495523 -0.499344381425 0.0759049468687
0.489787191153 0.00671153329313 -0.871816396713
0.265470504761 0.951339304447 0.156465291977
0.830442070961 -0.308075636625 0.464171469212
0.0199710400479
0 0 0

00000021.jpg
E:\zhaochen\VisualSFM_windows_64bit\south-building\211.JPG
896.016784668
538 403.5
8.42399120331 -0.000243673872319 0.06619220227
-3.99125337601 -0.00944951921701 7.41875362396
-0.276911652405 -1.07643359805 0.16259904206
0.846374778008 -0.131290321035 -0.510362461937 0.0770920264516
0.46717441082 0.00351391592994 -0.884158909321
0.264508903027 0.953640222549 0.143552049994
0.84367275238 -0.300931215286 0.44458642602
0.0205082402043
0 0 0

00000022.jpg
E:\zhaochen\VisualSFM_windows_64bit\south-building\319.JPG
893.963012695
538 403.5
8.31130027771 0.0920411646366 0.647651612759
-4.1741900444 -0.0313275456429 7.21669864655
-0.270623951656 -1.11788677557 0.150994230295
0.836449969599 -0.127851486691 -0.528125782419 0.0713345463582
0.43198877573 0.0157077983022 -0.901741683483
0.254378914833 0.957131326199 0.138535648584
0.865261495113 -0.28922984004 0.409474104643
0.0207022433898
0 0 0

00000023.jpg
E:\zhaochen\VisualSFM_windows_64bit\south-building\210.JPG
896.060668945
538 403.5
8.86769962311 0.075453132391 0.793346643448
-4.24656820297 -0.0108065158129 7.82546281815
-0.291226374916 -1.15420348669 0.164804042994
0.82484676065 -0.137007998729 -0.542997212674 0.0775323736373
0.398286223412 0.0208854358643 -0.917024433613
0.276694744825 0.950436353683 0.141821578145
0.87453353405 -0.310220837593 0.372766137123
0.0202269084513
0 0 0

00000024.jpg
E:\zhaochen\VisualSFM_windows_64bit\south-building\209.JPG
896.025512695
538 403.5
9.29178333282 0.145758524537 0.979660391808
-4.46930980682 -0.0116665959358 8.20630931854
-0.293992374385 -1.16922116464 0.171408784196
0.820295161109 -0.138080609088 -0.549152919054 0.0805062695059
0.383900880814 0.0195768307894 -0.923167645931
0.283732444048 0.94890576601 0.138113200665
0.878702282906 -0.314954221249 0.358729958534
0.0210038112935
0 0 0

00000025.jpg
E:\zhaochen\VisualSFM_windows_64bit\south-building\318.JPG
893.951965332
538 403.5
9.41716194153 0.0773438438773 0.283034473658
-4.57867383957 -0.0352094694972 8.23429870605
-0.272772926899 -1.08655737963 0.160330951097
0.844136639594 -0.129224080157 -0.514748217563 0.0759555572896
0.458530455828 0.00480203423649 -0.888666689396
0.261269509792 0.955065011978 0.139969825745
0.849404633045 -0.296361297369 0.436671197414
0.0216898104102
0 0 0

00000026.jpg
E:\zhaochen\VisualSFM_windows_64bit\south-building\208.JPG
896.374511719
538 403.5
9.69550132751 0.0839769020677 1.41700971127
-4.62955284119 -0.0133493542671 8.63625335693
-0.274299303206 -1.21611981294 0.146766389531
0.809415947493 -0.128320766365 -0.568916597909 0.0686592177278
0.343240469694 0.0348600149155 -0.938600897789
0.257155478001 0.957640588284 0.129607096314
0.903359770775 -0.285852402449 0.319735646248
0.0213856370908
0 0 0

00000027.jpg
E:\zhaochen\VisualSFM_windows_64bit\south-building\207.JPG
896.591796875
538 403.5
10.0724306107 0.342808693647 1.75784277916
-4.76136302948 -0.0139649510384 9.05487346649
-0.271589121823 -1.25466592471 0.171559008696
0.797553189912 -0.126500798216 -0.584398373195 0.079908765843
0.304186671972 0.020390721038 -0.952394783497
0.275316685438 0.955225169659 0.108385242522
0.911960363388 -0.295179218054 0.284952521324
0.0205801315552
0 0 0

00000028.jpg
E:\zhaochen\VisualSFM_windows_64bit\south-building\206.JPG
897.057861328
538 403.5
10.4270877838 0.317456841469 2.00136780739
-4.88563871384 -0.0115433335304 9.43191337585
-0.257322674589 -1.27782625485 0.158908838829
0.792094237012 -0.119614735468 -0.593989043879 0.0738677178386
0.283442348242 0.0250793918967 -0.958662092686
0.259120166302 0.960471570492 0.101739197969
0.923319101334 -0.277245372534 0.265739202499
0.0208711843147
0 0 0

00000029.jpg
E:\zhaochen\VisualSFM_windows_64bit\south-building\317.JPG
895.22265625
538 403.5
10.3191318512 0.0848436430097 0.172406986356
-4.89987945557 -0.0375223867595 9.08356952667
-0.267955375435 -1.08614489796 0.162437398008
0.844470608252 -0.126957044932 -0.51461459353 0.0769627106905
0.45849648118 0.00068256695522 -0.888696312904
0.260653555393 0.955918669701 0.135210931301
0.849611282349 -0.293635040522 0.438107281923
0.0212442986738
0 0 0

00000030.jpg
E:\zhaochen\VisualSFM_windows_64bit\south-building\205.JPG
897.05090332
538 403.5
10.9211683273 0.173498675227 1.88164055347
-5.04685974121 -0.00944602489471 9.86771774292
-0.257367968919 -1.26236662588 0.14630217091
0.79710701295 -0.119857172102 -0.587888596119 0.068133437705
0.299490332603 0.0323061309755 -0.95355284214
0.24954469502 0.961985051632 0.110968247056
0.920887649059 -0.271187722683 0.280042976141
0.0196168158551
0 0 0

00000031.jpg
E:\zhaochen\VisualSFM_windows_64bit\south-building\316.JPG
895.58984375
538 403.5
11.1568117142 0.154884651303 1.47115254402
-5.20300006866 -0.0369646549225 9.97949028015
-0.266247823636 -1.21489229702 0.150947748195
0.81012849236 -0.124586659949 -0.568490556718 0.0706337258184
0.343659698963 0.0272076819092 -0.938700199127
0.256097257137 0.958979010582 0.121553234756
0.903501391411 -0.282171577215 0.322593986988
0.0215503576501
0 0 0

00000032.jpg
E:\zhaochen\VisualSFM_windows_64bit\south-building\204.JPG
897.008605957
538 403.5
11.2230176926 0.680467188358 2.73011112213
-5.24342155457 -0.0109500288963 10.3140287399
-0.244750950522 -1.33789165464 0.180866959031
0.773764719284 -0.112999674857 -0.617694524355 0.0835049159945
0.222961679101 0.0103721544147 -0.974772334099
0.268824785948 0.960516035557 0.0717092975974
0.937028586864 -0.278031349182 0.211369648576
0.0206810737884
0 0 0

00000033.jpg
E:\zhaochen\VisualSFM_windows_64bit\south-building\203.JPG
897.165466309
538 403.5
11.3633346558 0.796954452991 3.95704817772
-5.39755296707 -0.00853019952774 10.7835693359
-0.215963106418 -1.44184854497 0.164523387053
0.742773855883 -0.09855365769 -0.657980199945 0.0750794051751
0.122851781547 0.0181583873928 -0.992259860039
0.24122646451 0.969300508499 0.0476048029959
0.962662100792 -0.245207518339 0.114699713886
0.0206787921213
0 0 0

00000034.jpg
E:\zhaochen\VisualSFM_windows_64bit\south-building\315.JPG
896.470092773
538 403.5
11.8842782974 0.309412330389 1.77925908566
-5.37885284424 -0.0307948291302 10.7501039505
-0.241561514792 -1.25132928435 0.153248410459
0.801015926492 -0.112657970595 -0.583587240057 0.0714710492443
0.308636218309 0.0169926155359 -0.951028943062
0.245990410447 0.964401006699 0.0970626175404
0.918821752071 -0.263900697231 0.29346883297
0.0200103334335
0 0 0

00000035.jpg
E:\zhaochen\VisualSFM_windows_64bit\south-building\202.JPG
896.659729004
538 403.5
11.5645847321 0.731429457664 4.65798473358
-5.44612026215 -0.00428819656372 11.238822937
-0.284559929782 -1.49866764476 0.178074316571
0.719370232939 -0.128703409413 -0.677831329259 0.0805411067156
0.0681161507964 0.0586005412042 -0.995954394341
0.290356040001 0.953897416592 0.0759843960404
0.954492330551 -0.294357210398 0.0479605607688
0.0215250192089
0 0 0

00000036.jpg
E:\zhaochen\VisualSFM_windows_64bit\south-building\314.JPG
895.794494629
538 403.5
11.8745832443 0.992621302605 4.90026903152
-5.66029214859 -0.0354424715042 11.5742683411
-0.257365210567 -1.50717342535 0.184647361307
0.717876813542 -0.11633679359 -0.681287588569 0.0834661449074
0.0577623285353 0.0386808253825 -0.997581422329
0.278354465961 0.958998858929 0.0533020757139
0.958740830421 -0.280759871006 0.0446272902191
0.0231775730818
0 0 0

00000037.jpg
E:\zhaochen\VisualSFM_windows_64bit\south-building\313.JPG
893.873718262
538 403.5
11.5462150574 1.50243604183 6.96172618866
-5.71226978302 -0.0368143320084 12.3047466278
-0.222376580968 -1.68170278783 0.19526558277
0.657145096943 -0.0981641504213 -0.742357512244 0.0861964868588
-0.117048606277 0.0324587188661 -0.992596030235
0.259033113718 0.965868651867 0.00103906681761
0.958750367165 -0.256993293762 -0.121461331844
0.0212283004085
0 0 0

00000038.jpg
E:\zhaochen\VisualSFM_windows_64bit\south-building\312.JPG
893.104125977
538 403.5
11.343952179 1.78879857063 8.32531833649
-5.91842079163 -0.0365753173828 12.890583992
-0.223374751074 -1.7770210064 0.20388763061
0.620601960179 -0.0971688579919 -0.773010830408 0.0886918871973
-0.210823088884 0.040140170604 -0.976700365543
0.260309606791 0.965384364128 -0.0165132787079
0.942227780819 -0.25772601366 -0.213974103332
0.0211087558247
0 0 0

00000039.jpg
E:\zhaochen\VisualSFM_windows_64bit\south-building\311.JPG
892.735961914
538 403.5
11.3478565216 1.97179746628 9.6390247345
-6.32506465912 -0.0139145851135 13.6222724915
-0.205882368195 -1.84359212778 0.199629287942
0.595522143278 -0.0886465353612 -0.793793349956 0.0859541537616
-0.274990439415 0.0383586548269 -0.96068251133
0.243109062314 0.969507396221 -0.0308778379112
0.930203557014 -0.242041736841 -0.275930464268
0.0216272005201
0 0 0

00000040.jpg
E:\zhaochen\VisualSFM_windows_64bit\south-building\201.JPG
893.303100586
538 403.5
11.4694986343 1.25175750256 6.43333435059
-4.15181064606 -0.00417065620422 12.5406064987
-0.325462867649 -1.75788738331 0.241107910244
0.620063007421 -0.141546620397 -0.764520450346 0.104859918714
-0.190973028541 0.0863914191723 -0.977787256241
0.346470445395 0.937938153744 0.0152009073645
0.918416142464 -0.33587038517 -0.209052592516
0.0142358910351
0 0 0

00000041.jpg
E:\zhaochen\VisualSFM_windows_64bit\south-building\200.JPG
893.440612793
538 403.5
10.6728210449 2.4127805233 8.51307678223
-4.60249710083 -0.00432348251343 13.0774765015
-0.278026336066 -1.91027275468 0.291262442838
0.560237732817 -0.117965637405 -0.810522291919 0.1235816729
-0.344435751438 0.0527572035789 -0.93732714653
0.329697668552 0.941623687744 -0.0681539550424
0.879013538361 -0.332509160042 -0.341722667217
0.0183097502672
0 0 0

00000042.jpg
E:\zhaochen\VisualSFM_windows_64bit\south-building\199.JPG
893.120727539
538 403.5
11.1632966995 3.04428601265 8.71040534973
-4.80237340927 0.0109131336212 13.6636486053
-0.241283522369 -1.90279643362 0.328425309663
0.562844144661 -0.10248789922 -0.808234259888 0.139502356844
-0.345405519009 0.00863203592598 -0.938413977623
0.32270437479 0.940071046352 -0.110131643713
0.881225705147 -0.340870499611 -0.327491402626
0.0181429888081
0 0 0

00000043.jpg
E:\zhaochen\VisualSFM_windows_64bit\south-building\310.JPG
891.364562988
538 403.5
10.8002433777 2.12251591682 11.2317676544
-6.16563034058 -0.00485134124756 14.4667863846
-0.196010584058 -1.97550272844 0.198139587178
0.542376071282 -0.0825413370823 -0.831897100861 0.0834378742007
-0.398030549288 0.0468227900565 -0.916176617146
0.227841615677 0.972450733185 -0.0492863766849
0.888627707958 -0.228360161185 -0.397732973099
0.0195729142917
0 0 0

00000044.jpg
E:\zhaochen\VisualSFM_windows_64bit\south-building\198.JPG
892.774841309
538 403.5
10.5463819504 2.95517802238 10.5107479095
-5.06401157379 0.0152564048767 14.3105077744
-0.189321199573 -2.01873414032 0.283404181379
0.520251119562 -0.0789735820051 -0.842096218153 0.118219425026
-0.446204036474 0.0099992537871 -0.894876003265
0.256014406681 0.959574580193 -0.116932086647
0.857529997826 -0.281276464462 -0.430725634098
0.0185246234924
0 0 0

00000045.jpg
E:\zhaochen\VisualSFM_windows_64bit\south-building\309.JPG
892.173156738
538 403.5
9.93135166168 2.73067069054 12.2877855301
-5.62841510773 0.0115303993225 15.0132961273
-0.166517268407 -2.10559877438 0.237737732285
0.486467272604 -0.0684475713831 -0.865514572707 0.0977230203012
-0.517329692841 0.0234067011625 -0.855466604233
0.213562905788 0.971531510353 -0.102566324174
0.8287114501 -0.235756337643 -0.507600188255
0.0213120425978
0 0 0

00000046.jpg
E:\zhaochen\VisualSFM_windows_64bit\south-building\197.JPG
893.256286621
538 403.5
9.85549926758 3.46807599068 11.6947031021
-5.1764626503 0.0204038619995 14.8029956818
-0.141465643006 -2.10705404393 0.302378965134
0.483045306449 -0.0580624814327 -0.864809177015 0.124106975204
-0.526592075825 -0.0194728001952 -0.849896430969
0.220324367285 0.962452590466 -0.158563405275
0.821071624756 -0.270750641823 -0.50252944231
0.0187728030701
0 0 0

00000047.jpg
E:\zhaochen\VisualSFM_windows_64bit\south-building\196.JPG
894.12689209
538 403.5
10.0275535583 3.22421479225 12.2366523743
-5.03340244293 0.0101931095123 15.3410406113
-0.11619240496 -2.13918668828 0.271933259222
0.471535386152 -0.0474473222721 -0.87353971401 0.111044306134
-0.550807058811 -0.0218289606273 -0.83434689045
0.187616318464 0.970836877823 -0.149256631732
0.81327265501 -0.23874899745 -0.530647337437
0.0234535224303
0 0 0

00000048.jpg
E:\zhaochen\VisualSFM_windows_64bit\south-building\308.JPG
892.673461914
538 403.5
8.99142074585 3.25557541847 13.2596387863
-5.12153625488 -0.0117099285126 15.525220871
-0.182580809558 -2.22901609075 0.275742248176
0.429635270152 -0.0731649207834 -0.893225230513 0.110497153525
-0.620120763779 0.0357585884631 -0.783690929413
0.225652486086 0.964875042439 -0.134529143572
0.75135332346 -0.260266065598 -0.606408417225
0.0207689460312
0 0 0

00000049.jpg
E:\zhaochen\VisualSFM_windows_64bit\south-building\307.JPG
892.975402832
538 403.5
8.61859607697 3.7290585041 13.6601924896
-4.61992883682 -0.025762796402 15.9198760986
-0.154076164771 -2.29664292935 0.308357740275
0.398253529281 -0.0608560929892 -0.907114451347 0.121793317896
-0.675382196903 0.0133980596438 -0.737346947193
0.207416534424 0.962926626205 -0.172489330173
0.707699179649 -0.269433945417 -0.653120934963
0.0214060111922
0 0 0

00000050.jpg
E:\zhaochen\VisualSFM_windows_64bit\south-building\195.JPG
893.478088379
538 403.5
8.40932655334 3.86936163902 13.6436605453
-4.62077331543 -0.00397276878357 15.8267784119
-0.127077037925 -2.30375753227 0.318500728775
0.395145825165 -0.0501195000883 -0.90860770543 0.125617480267
-0.682695448399 -0.0081966901198 -0.730656683445
0.190352201462 0.963416993618 -0.188665136695
0.705473482609 -0.267883181572 -0.656160652637
0.0205074148335
0 0 0

00000051.jpg
E:\zhaochen\VisualSFM_windows_64bit\south-building\194.JPG
894.090270996
538 403.5
8.58326625824 3.76627826691 13.9697761536
-4.24521160126 0.00306034088135 16.2785167694
-0.101095121212 -2.33315089754 0.305240193353
0.383141531938 -0.0396486115208 -0.915041126092 0.119712501471
-0.703261613846 -0.0191737376153 -0.710673630238
0.164293587208 0.968194067478 -0.188701242208
0.691687405109 -0.249465361238 -0.67774271965
0.0231626708155
0 0 0

00000052.jpg
E:\zhaochen\VisualSFM_windows_64bit\south-building\306.JPG
892.62689209
538 403.5
7.46879196167 4.16600131989 14.4604291916
-4.04618692398 -0.0208964347839 16.3055286407
-0.143393701216 -2.41873288963 0.341827828122
0.340369420892 -0.0551015119112 -0.929439982351 0.131353260172
-0.762226104736 0.0130094988272 -0.647181689739
0.191844031215 0.959421098232 -0.206660836935
0.618230104446 -0.281680315733 -0.733789622784
0.0211538786913
0 0 0

00000053.jpg
E:\zhaochen\VisualSFM_windows_64bit\south-building\193.JPG
893.601196289
538 403.5
7.59702014923 4.52144479752 14.498632431
-3.93289375305 0.00014591217041 16.5197086334
-0.109290762384 -2.41939097951 0.365588630011
0.339277607061 -0.0419746597132 -0.929201250527 0.140409472905
-0.766258895397 -0.0172691028565 -0.642301917076
0.173282057047 0.957047343254 -0.23245537281
0.618726789951 -0.289419621229 -0.730351269245
0.0222696854966
0 0 0

00000054.jpg
E:\zhaochen\VisualSFM_windows_64bit\south-building\305.JPG
892.981140137
538 403.5
5.86782836914 4.69100093842 15.1786699295
-3.44875907898 -0.0161623954773 16.5811576843
-0.11535581813 -2.55824113722 0.385344184976
0.272469031648 -0.0428591338886 -0.950485213458 0.143170221361
-0.8478474617 0.00345678743906 -0.530228316784
0.15949459374 0.955331265926 -0.248807579279
0.505682826042 -0.29551872611 -0.810526311398
0.0206875188795
0 0 0

00000055.jpg
E:\zhaochen\VisualSFM_windows_64bit\south-building\192.JPG
894.898681641
538 403.5
7.0213303566 4.68340682983 14.8360242844
-3.3318939209 0.0106935501099 16.7403507233
-0.115572700863 -2.49563727939 0.384502335066
0.302137117969 -0.0435851779083 -0.941163388971 0.145004854562
-0.813627243042 -0.0055816383101 -0.581360280514
0.169663757086 0.954148292542 -0.24660807848
0.556081295013 -0.299282878637 -0.775373697281
0.0201270725866
0 0 0

00000056.jpg
E:\zhaochen\VisualSFM_windows_64bit\south-building\191.JPG
895.881591797
538 403.5
4.43929815292 5.06495046616 15.5764074326
-2.65926098824 0.0244908332825 16.7604656219
-0.0393019622858 -2.68523244206 0.424787596278
0.20977324147 -0.0141334374525 -0.965640455538 0.152758502971
-0.911590576172 -0.0367926619947 -0.409449636936
0.091385923326 0.952929615974 -0.289089381695
0.400812476873 -0.300948649645 -0.865319788456
0.0186046576373
0 0 0

00000057.jpg
E:\zhaochen\VisualSFM_windows_64bit\south-building\190.JPG
895.562561035
538 403.5
2.47236895561 4.94609165192 16.5222015381
-2.1349864006 0.0169425010681 17.2916526794
-0.0293438310557 -2.84584685499 0.417991579749
0.132146624655 -0.0101116799664 -0.980659020851 0.144036989412
-0.964870750904 -0.0182348825037 -0.262094706297
0.0579011254013 0.958302855492 -0.279829740524
0.256268411875 -0.285174638033 -0.923581182957
0.0205171391041
0 0 0

00000058.jpg
E:\zhaochen\VisualSFM_windows_64bit\south-building\189.JPG
894.735961914
538 403.5
1.74464774132 4.62139463425 16.5756435394
-1.46051073074 0.0592308044434 17.2341575623
-0.0712002811009 -2.93189510667 0.406489698825
0.0902604928138 -0.0239492842782 -0.986186968616 0.136728917397
-0.98255944252 0.0225538704544 -0.184576421976
0.0719187483191 0.961462914944 -0.265362530947
0.171478465199 -0.274009227753 -0.946315646172
0.020504314821
0 0 0

00000059.jpg
E:\zhaochen\VisualSFM_windows_64bit\south-building\188.JPG
894.213012695
538 403.5
-0.329236030579 4.98785066605 16.9148483276
-0.899023115635 0.0543260574341 17.6149959564
-0.00148032739866 -3.07588845444 0.449095226174
0.0162605720755 -0.000476068935597 -0.989196676257 0.144427703291
-0.999471008778 -0.00374944717623 -0.0323081426322
0.00564446114004 0.958265304565 -0.285827040672
0.0320314727724 -0.285858005285 -0.957736670971
0.0219994779157
0 0 0

00000060.jpg
E:\zhaochen\VisualSFM_windows_64bit\south-building\187.JPG
894.215026855
538 403.5
-2.02776193619 5.00222349167 16.6561050415
-0.322946190834 0.0691857337952 17.5057430267
-0.00698947714957 3.01052546099 -0.447402266374
0.0489713475671 -0.00229368719996 0.987942812782 -0.146820832181
-0.995192825794 0.0098444474861 0.0974358022213
-0.0189156085253 0.956876575947 -0.289878726006
-0.0960877612233 -0.290328025818 -0.952090978622
0.0215675077679
0 0 0

00000061.jpg
E:\zhaochen\VisualSFM_windows_64bit\south-building\186.JPG
892.853149414
538 403.5
-2.10709571838 4.59071159363 16.361082077
0.136482834816 0.0425190925598 17.1224746704
-0.0557929278431 2.98474087907 -0.416291939104
0.063706553558 -0.0184730831046 0.988250096139 -0.137834594529
-0.991200506687 -0.0189480986446 0.131008207798
-0.0540719665587 0.961322069168 -0.270066380501
-0.120823822916 -0.274773806334 -0.953887462616
0.0212510872829
0 0 0

00000062.jpg
E:\zhaochen\VisualSFM_windows_64bit\south-building\185.JPG
892.711181641
538 403.5
-2.29842185974 4.28479766846 15.9286909103
0.501322388649 0.0115551948547 16.6467494965
-0.0631036782562 2.95056389572 -0.392628780764
0.0821159470502 -0.0211242369638 0.987714387376 -0.131434230664
-0.985622107983 -0.020142307505 0.167766988277
-0.0633136928082 0.964559555054 -0.256158620119
-0.156661421061 -0.263097167015 -0.951965332031
0.0210812214024
0 0 0

00000063.jpg
E:\zhaochen\VisualSFM_windows_64bit\south-building\184.JPG
893.780822754
538 403.5
-6.31696081161 3.89269065857 14.6546506882
1.19798660278 -0.00123357772827 16.3823261261
-0.0958747554365 2.6546531787 -0.348656060444
0.229158946832 -0.0348330224159 0.96448322876 -0.126673015369
-0.892546355724 -0.00913538318127 0.450864911079
-0.125248402357 0.965481460094 -0.228383719921
-0.43321493268 -0.260312914848 -0.862879812717
0.0211406621071
0 0 0

00000064.jpg
E:\zhaochen\VisualSFM_windows_64bit\south-building\328.JPG
891.168457031
538 403.5
-0.448809355497 -0.71837246418 -2.73344779015
0.830847859383 0.00192582607269 2.73841691017
-0.260974133791 -0.139191813461 -0.00436241106675
0.989082727632 -0.130011866103 -0.0693424560952 -0.00217326213621
0.990374445915 0.0223297774792 -0.136605724692
0.013731633313 0.966186285019 0.257486492395
0.137735977769 -0.256883472204 0.956577837467
0.0207683068428
0 0 0

00000065.jpg
E:\zhaochen\VisualSFM_windows_64bit\south-building\183.JPG
894.837524414
538 403.5
-7.02590942383 4.51222467422 13.9684896469
1.53007507324 -0.0052056312561 16.2019023895
-0.122400727638 2.57417869091 -0.406841037166
0.263163125228 -0.0452612299987 0.9518774605 -0.150441309553
-0.857392966747 -0.00698424642906 0.514616429806
-0.165346667171 0.950637757778 -0.262579351664
-0.48737975955 -0.310223698616 -0.816225469112
0.0231709722777
0 0 0

00000066.jpg
E:\zhaochen\VisualSFM_windows_64bit\south-building\141.JPG
891.37890625
538 403.5
-1.46179628372 -0.627412319183 -2.27582144737
1.51922106743 0.0131855607033 2.32414746284
-0.269829037406 -0.0257614054871 -0.00680487590955
0.9908246495 -0.134501636416 -0.0128412836058 -0.00339202538854
0.999648034573 0.0101761668921 -0.0245344322175
-0.00326744257472 0.963796555996 0.266622304916
0.0263594090939 -0.266447842121 0.963489353657
0.0221689610944
0 0 0

00000067.jpg
E:\zhaochen\VisualSFM_windows_64bit\south-building\142.JPG
891.777587891
538 403.5
-1.71924674511 -0.580493271351 -2.40155315399
1.74663317204 0.00680238008499 2.45142149925
-0.261477105046 -0.015698999075 -0.0370062173066
0.991264522213 -0.130357642454 -0.00782662982271 -0.0184491993797
0.999196708202 0.0386165827513 -0.010706548579
-0.0345355644822 0.965333282948 0.258726626635
0.0203264933079 -0.258148998022 0.965891420841
0.0213835356635
0 0 0

00000068.jpg
E:\zhaochen\VisualSFM_windows_64bit\south-building\143.JPG
891.907531738
538 403.5
-1.95171272755 -0.634560465813 -2.52244591713
1.95190453529 0.0034339427948 2.60089445114
-0.270599850877 -0.00428345664391 -0.0338033213529
0.990716474503 -0.134880978969 -0.00213509661454 -0.0168493259021
0.999423623085 0.0339617393911 0.000314790173434
-0.0328098796308 0.963047146797 0.267329603434
0.00877589173615 -0.267185628414 0.963605761528
0.0212852754826
0 0 0

00000069.jpg
E:\zhaochen\VisualSFM_windows_64bit\south-building\329.JPG
893.906860352
538 403.5
-1.87722599506 -0.719481945038 -2.69216799736
1.62235724926 -0.024111866951 2.94224262238
-0.277284010426 0.0868049745004 -0.0244876584086
0.989391344252 -0.13815138916 0.0432488977449 -0.0122005016489
0.99596196413 0.0121922846884 0.0889511629939
-0.0360919982195 0.961530745029 0.27231618762
-0.0822091773152 -0.274426966906 0.958088219166
0.0209997916825
0 0 0

00000070.jpg
E:\zhaochen\VisualSFM_windows_64bit\south-building\225.JPG
893.007080078
538 403.5
-1.29735040665 -0.837651371956 -2.95222473145
1.55544352531 -0.00574231147766 2.946352005
-0.290246531298 -0.0887267149796 -0.0134069690692
0.988485541357 -0.144565831618 -0.0441929530748 -0.00667773573142
0.99600571394 0.0259791463614 -0.0854374542832
-0.000424234516686 0.95811265707 0.286392658949
0.0892989262938 -0.285212278366 0.954296290874
0.0225253900638
0 0 0

00000071.jpg
E:\zhaochen\VisualSFM_windows_64bit\south-building\330.JPG
891.335205078
538 403.5
-2.65231013298 -0.711657941341 -2.50362730026
2.20116686821 -0.0308523774147 2.9938750267
-0.29709106455 0.15841420245 -0.0334672677658
0.985724477834 -0.147838002251 0.0788298337203 -0.0166539307225
0.987017869949 0.00952421035618 0.16033321619
-0.056140538305 0.955733060837 0.288829416037
-0.150484770536 -0.294080734253 0.943860054016
0.0185953965695
0 0 0

00000072.jpg
E:\zhaochen\VisualSFM_windows_64bit\south-building\144.JPG
893.409179688
538 403.5
-2.62407183647 -0.592956781387 -2.58664441109
2.36811590195 -0.00152432918549 2.88445973396
-0.230708592556 0.0913648241239 -0.0159047224053
0.992281736569 -0.115057365007 0.0455648218454 -0.00793189118291
0.995722234249 0.00525621650741 0.0922513827682
-0.0262264665216 0.973398566246 0.227615907788
-0.0886011794209 -0.229061380029 0.969371378422
0.0217538816389
0 0 0

00000073.jpg
E:\zhaochen\VisualSFM_windows_64bit\south-building\145.JPG
894.492736816
538 403.5
-2.97525978088 -0.515044391155 -2.70475125313
2.69336795807 -0.00359493494034 3.02966666222
-0.201829680667 0.0959443552929 -0.02195585736
0.993703854887 -0.100702959809 0.0478714553926 -0.0109548794508
0.995177090168 0.012130221352 0.0973463281989
-0.0314134024084 0.979477763176 0.199088960886
-0.092933870852 -0.201186716557 0.975134551525
0.0229842502227
0 0 0

00000074.jpg
E:\zhaochen\VisualSFM_windows_64bit\south-building\331.JPG
891.8515625
538 403.5
-3.95554828644 -0.682001829147 -2.3415119648
3.07811570168 -0.0351542830467 3.48111438751
-0.312857142324 0.290245080664 -0.0582313789472
0.976900530486 -0.155222233706 0.144003392118 -0.0288911566628
0.956857025623 0.0117424717173 0.290323257446
-0.101152673364 0.950142979622 0.294952571392
-0.272384703159 -0.311594158411 0.910338580608
0.0144828100106
0 0 0

00000075.jpg
E:\zhaochen\VisualSFM_windows_64bit\south-building\147.JPG
892.331665039
538 403.5
-3.98772025108 -0.55939501524 -2.23080658913
3.22476792336 -0.00440156459808 3.28515005112
-0.276348128539 0.267409491312 -0.0569796323684
0.981169370509 -0.137305669034 0.132864439158 -0.0283107636191
0.963091433048 0.0190693028271 0.268499493599
-0.0920413136482 0.96069252491 0.261917293072
-0.252950578928 -0.276963174343 0.926989376545
0.0170483946777
0 0 0

00000076.jpg
E:\zhaochen\VisualSFM_windows_64bit\south-building\148.JPG
893.470397949
538 403.5
-4.5569486618 -0.568767368793 -1.95596587658
3.61690139771 -0.00721770524979 3.43991994858
-0.287510946643 0.337302530705 -0.0512094283825
0.975220880187 -0.142566122149 0.167255940531 -0.0253928753226
0.942761301994 0.00183730514254 0.333463072777
-0.0972173437476 0.958060622215 0.26957270503
-0.318982869387 -0.286561131477 0.903401136398
0.0139597768869
0 0 0

00000077.jpg
E:\zhaochen\VisualSFM_windows_64bit\south-building\332.JPG
891.43572998
538 403.5
-4.79484462738 -0.646394073963 -1.89011359215
3.52094650269 -0.0328769683838 3.81872987747
-0.314670749952 0.429494877575 -0.0565763717061
0.964377997413 -0.15546269995 0.212191420057 -0.0279514873885
0.908386945724 -0.0120641542599 0.417955487967
-0.11988735199 0.950100541115 0.287987500429
-0.400575459003 -0.311711728573 0.861612200737
0.0155784096528
0 0 0

00000078.jpg
E:\zhaochen\VisualSFM_windows_64bit\south-building\149.JPG
891.408081055
538 403.5
-5.09663534164 -0.468576341867 -1.35737252235
3.9256477356 -0.00612688064575 3.5534427166
-0.267379539751 0.461437396029 -0.0428273504922
0.964431558818 -0.132100933616 0.22797672132 -0.0211591843922
0.895157694817 -0.0194186866283 0.445326089859
-0.101045027375 0.964203953743 0.245157107711
-0.434145689011 -0.264452129602 0.861151278019
0.0159577346128
0 0 0

00000079.jpg
E:\zhaochen\VisualSFM_windows_64bit\south-building\146.JPG
894.657226563
538 403.5
-3.61802792549 -0.610290586948 -2.2850060463
2.92937159538 -0.00276505947113 3.1784620285
-0.246353254711 0.247273818301 -0.0202137112061
0.984758582387 -0.122550193697 0.123008134658 -0.0100554556365
0.969535470009 -0.0103449923918 0.244731545448
-0.049953777343 0.96976095438 0.238890871406
-0.239801719785 -0.24383854866 0.93970143795
0.0208255615056
0 0 0

00000080.jpg
E:\zhaochen\VisualSFM_windows_64bit\south-building\150.JPG
890.917663574
538 403.5
-5.59474277496 -0.347925275564 -1.14858710766
4.32573509216 -0.0104560554028 3.74558067322
-0.268530432507 0.500121307669 -0.0622002856491
0.959513850214 -0.132448317344 0.246676792087 -0.0306792905952
0.876418590546 -0.00646963203326 0.481506794691
-0.124218448997 0.963032543659 0.239036157727
-0.465252399445 -0.269307821989 0.843216180801
0.0172380446881
0 0 0

00000081.jpg
E:\zhaochen\VisualSFM_windows_64bit\south-building\333.JPG
889.15435791
538 403.5
-5.96108579636 -0.398799479008 -1.22865235806
4.35219287872 -0.0322031676769 4.27324056625
-0.310521032946 0.558777918411 -0.0849904272348
0.948463987581 -0.152584069234 0.274572732741 -0.041762662936
0.845731854439 -0.00456999382004 0.533589482307
-0.163011521101 0.949948251247 0.266507267952
-0.508099913597 -0.312374711037 0.802655637264
0.0140077364854
0 0 0

00000082.jpg
E:\zhaochen\VisualSFM_windows_64bit\south-building\151.JPG
891.579467773
538 403.5
-6.0873541832 -0.274718880653 -0.766124665737
4.68761444092 -0.0125059038401 3.96792054176
-0.264550455362 0.568077567894 -0.064693559434
0.950798298127 -0.130098638428 0.279364924937 -0.0318145133634
0.841885924339 -0.0121917305514 0.539517402649
-0.133188471198 0.964124798775 0.229619562626
-0.522961378098 -0.265170693398 0.810058891773
0.0189097652977
0 0 0

00000083.jpg
E:\zhaochen\VisualSFM_windows_64bit\south-building\152.JPG
891.722290039
538 403.5
-6.56910943985 -0.152110338211 -0.213887035847
5.03383255005 -0.00509388372302 4.22877550125
