-0.000144174 -0.00332912 -0.999996 0.134515 0.990909 -0.00331825 0.990913 -0.134515 0.000304988 
-0.013639 -0.037319 -0.999209 0.143611 0.988871 -0.0388932 0.989542 -0.144028 -0.0081279 
0.0358852 0.00507446 -0.999344 0.13949 0.990174 0.0100368 0.989574 -0.139759 0.0348248 
-0.00499481 0.000693379 -0.999988 0.117326 0.993094 0.000102565 0.993082 -0.117324 -0.00504173 
0.016619 0.0113371 -0.999799 0.132463 0.991098 0.0134403 0.991051 -0.132659 0.0149692 
0.0332617 0.00766458 -0.999419 0.179863 0.983599 0.0135293 0.983131 -0.180208 0.0313376 
-0.0946871 -0.000208243 -0.995508 0.16802 0.985653 -0.0161873 0.981227 -0.168798 -0.0932932 
-0.0307628 0.0015923 -0.999527 0.146904 0.989148 -0.0029456 0.988673 -0.146924 -0.0306627 
-0.0112895 0.00278754 -0.999933 0.150325 0.988637 0.00105886 0.988573 -0.150303 -0.0115801 
-0.0192519 -0.0151411 -0.999701 0.155438 0.987683 -0.0179526 0.98766 -0.155737 -0.0166615 
-0.0143778 0.014325 -0.999795 0.15729 0.987481 0.0118866 0.987449 -0.157087 -0.0164512 
-0.0161481 0.0073113 -0.999844 0.164692 0.986336 0.00455267 0.986214 -0.164592 -0.0171315 
0.0570513 0.0208397 -0.998155 0.131059 0.990974 0.0281807 0.989733 -0.132425 0.0538052 
-0.024822 0.00308724 -0.999688 0.154013 0.988068 -0.000772758 0.987758 -0.153984 -0.0250013 
-0.0618169 0.0280529 -0.997695 0.219221 0.975577 0.0138482 0.973718 -0.217859 -0.066457 
-0.000820297 0.0216046 -0.999767 0.203151 0.978923 0.0209875 0.979149 -0.203087 -0.00519183 
-0.0619209 0.0857541 -0.994392 0.19226 0.97867 0.0724262 0.97939 -0.186697 -0.0770869 
-0.00917868 0.0435327 -0.99901 0.235739 0.970988 0.0401457 0.971774 -0.235137 -0.0191746 
-0.0222351 0.0462836 -0.998681 0.191919 0.980549 0.0411702 0.981159 -0.190751 -0.0306852 
-0.0346288 0.018608 -0.999227 0.201204 0.979486 0.0112675 0.978938 -0.200659 -0.0376622 
-0.00619148 0.00114213 -0.999981 0.144992 0.989434 0.000232349 0.989415 -0.144988 -0.0062917 
-0.030692 0.00315479 -0.999524 0.167092 0.98594 -0.0020189 0.985465 -0.167075 -0.0307874 
-0.0554383 0.0145434 -0.998356 0.201289 0.979528 0.00309165 0.977963 -0.200786 -0.0572306 
-0.0277574 0.0110706 -0.999554 0.172024 0.985075 0.00613313 0.984704 -0.171777 -0.0292472 
-0.118096 -0.00251596 -0.993 0.336004 0.940909 -0.0423443 0.934429 -0.338652 -0.110272 
-0.258299 0.0184986 -0.965888 0.34606 0.93524 -0.074632 0.901957 -0.353532 -0.247973 
9.16535e-006 0.0150251 -0.999888 0.155451 0.987733 0.0148439 0.987844 -0.155434 -0.00232669 
-0.0977704 0.0172529 -0.99506 0.363551 0.931371 -0.0195724 0.926431 -0.363669 -0.0973322 
-0.050697 0.0335968 -0.99815 0.399587 0.916635 0.0105577 0.915294 -0.398313 -0.0598952 
0.0775542 0.0275652 -0.996608 0.439218 0.896444 0.0589738 0.895029 -0.442302 0.0574159 
-0.110031 -0.016745 -0.993788 0.126777 0.991456 -0.0307422 0.985812 -0.129372 -0.106968 
-0.112961 -0.00615853 -0.993579 0.0976611 0.99507 -0.0172709 0.98879 -0.0989852 -0.111803 
-0.0751838 -0.00046631 -0.997171 0.109316 0.99397 -0.00870691 0.991163 -0.109661 -0.0746791 
-0.270713 -0.0224844 -0.962398 0.149281 0.986654 -0.0650424 0.951016 -0.161275 -0.263744 
-0.720408 0.00660313 -0.693519 0.125175 0.984772 -0.120652 0.682162 -0.17373 -0.710264 
0.745885 0.0704227 -0.662343 0.114639 0.965983 0.231806 0.656138 -0.248831 0.712438 
0.70116 0.0985783 -0.706157 0.117806 0.960768 0.251095 0.703205 -0.259247 0.662038 
0.746911 0.079287 -0.660182 0.0582427 0.981248 0.183741 0.662369 -0.175688 0.728287 
0.723994 0.0790692 -0.685263 0.105541 0.969017 0.223316 0.681688 -0.234002 0.693215 
0.669232 0.0585757 -0.740742 0.119924 0.975305 0.185471 0.733313 -0.212956 0.64568 
0.659937 0.0652061 -0.748487 0.104181 0.978662 0.177114 0.744064 -0.194863 0.639061 
0.000289972 0.0166775 -0.999861 0.147317 0.988952 0.0165383 0.989091 -0.147302 -0.00217 
-0.0329579 0.0239009 -0.999173 0.230291 0.972997 0.0156785 0.972564 -0.229584 -0.0375719 
-0.0348478 -0.000746791 -0.999393 0.141351 0.989945 -0.00566847 0.989347 -0.141462 -0.034392 
-0.717692 -0.0225551 -0.695995 0.130446 0.977429 -0.166188 0.684032 -0.210061 -0.698551 
-0.683373 -0.0411692 -0.728907 0.113324 0.980325 -0.161614 0.72122 -0.193046 -0.665263 
-0.648235 0.0157313 -0.761279 0.157886 0.980835 -0.114173 0.744893 -0.194205 -0.638294 
-0.834339 -0.0154126 -0.551039 0.111425 0.97426 -0.195961 0.539874 -0.224897 -0.811145 
-0.869843 -0.00841301 -0.493259 0.101306 0.9755 -0.195287 0.482817 -0.219838 -0.84768 
0.0393548 -0.01573 -0.999103 0.115911 0.993199 -0.0110713 0.992482 -0.115371 0.0409105 
0.111271 0.0137085 -0.993697 0.434566 0.898568 0.0610574 0.893741 -0.438621 0.0940268 
0.175932 0.0278031 -0.98401 0.396411 0.912972 0.0966702 0.90106 -0.407079 0.149599 
0.11858 -0.00944938 -0.992901 0.108882 0.994052 0.00354322 0.98696 -0.108529 0.118903 
0.174502 -0.00235083 -0.984656 0.109166 0.993881 0.0169736 0.978587 -0.110452 0.173691 
0.232557 0.0111876 -0.972519 0.407995 0.906576 0.107992 0.882869 -0.421897 0.206265 
0.31967 0.0140228 -0.947426 0.403196 0.902835 0.149405 0.857465 -0.429759 0.282956 
0.224045 -0.000553954 -0.974581 0.0967901 0.995071 0.0216853 0.969762 -0.0991879 0.222994 
-0.0112038 -0.013173 -0.999853 0.124189 0.992156 -0.0144632 0.992198 -0.124332 -0.00948006 
-0.0383891 -0.00186539 -0.999263 0.164016 0.986424 -0.00814246 0.985711 -0.164207 -0.0375621 
0.0100848 0.0141349 -0.99985 0.0966692 0.995204 0.0150442 0.995268 -0.0968065 0.0086701 
0.374004 0.0357759 -0.926738 0.382988 0.904116 0.189466 0.844656 -0.425791 0.324442 
-0.0317158 0.0157167 -0.999373 0.325618 0.945492 0.00453569 0.94497 -0.32527 -0.0351046 
0.152978 0.0463302 -0.987143 0.403008 0.90914 0.105123 0.902322 -0.413908 0.120407 
-0.0722163 -0.00657906 -0.997367 0.088087 0.996031 -0.0129483 0.993493 -0.0887901 -0.0713499 
0.0460971 -0.0024867 -0.998935 0.0469989 0.998897 -0.000317778 0.997832 -0.0469339 0.046163 
0.0332264 0.00278596 -0.999445 0.158575 0.987316 0.00802396 0.986789 -0.158754 0.032363 
0.0141995 0.00690412 -0.999876 0.1679 0.985761 0.00919105 0.985703 -0.16801 0.0128382 
0.412796 0.0417654 -0.909868 0.301624 0.936317 0.179823 0.859432 -0.348668 0.373909 
0.0375897 0.00586981 -0.999276 0.102601 0.994676 0.00970231 0.994013 -0.102892 0.0367874 
0.0544367 0.0512781 -0.997201 0.338373 0.938643 0.0667386 0.939437 -0.341059 0.0337455 
0.0409337 0.00523119 -0.999148 0.0586467 0.99825 0.00762917 0.99744 -0.0589091 0.0405553 
0.120761 0.0603154 -0.990848 0.353251 0.930204 0.0996765 0.927703 -0.362055 0.0910261 
0.0673433 0.00708832 -0.997706 0.107283 0.994127 0.0143043 0.991947 -0.108 0.0661873 
0.157278 0.0546605 -0.986043 0.358752 0.927092 0.108615 0.920088 -0.370826 0.126201 
0.0873984 0.00159419 -0.996174 0.104295 0.994489 0.0107417 0.990701 -0.104835 0.0867504 
0.0808993 0.0380163 -0.995999 0.368713 0.927245 0.0653405 0.926017 -0.372523 0.0609962 
0.0493125 0.00674327 -0.998762 0.0745428 0.997164 0.0104129 0.995999 -0.074964 0.04867 
0.0233593 0.0330689 -0.99918 0.364263 0.930467 0.0393106 0.931004 -0.364883 0.00968922 
0.328403 -0.0014658 -0.944538 0.107017 0.993619 0.0356664 0.938457 -0.112794 0.326464 
-0.0806412 -0.00191923 -0.996742 0.171574 0.985045 -0.0157778 0.981867 -0.172287 -0.0791058 
-0.0744606 0.0359238 -0.996577 0.3521 0.935933 0.00743015 0.932996 -0.350341 -0.082339 
-0.171266 0.00644072 -0.985205 0.114944 0.993281 -0.0134881 0.978498 -0.115553 -0.170856 
-0.165794 0.0395072 -0.985371 0.321303 0.946842 -0.0160987 0.932351 -0.319272 -0.169674 
-0.211437 -0.00208916 -0.977391 0.176216 0.983531 -0.0402226 0.961377 -0.180736 -0.207585 
-0.212182 0.025984 -0.976888 0.413218 0.908266 -0.0655935 0.885568 -0.417585 -0.203455 
-0.250291 0.0191506 -0.967981 0.345533 0.935731 -0.0708317 0.904413 -0.352198 -0.240822 
-0.246822 -0.0216775 -0.968818 0.121347 0.99119 -0.0530933 0.961435 -0.130668 -0.242016 
-0.414291 -0.00446081 -0.910134 0.146412 0.986639 -0.0714817 0.898291 -0.162868 -0.408102 
-0.414317 0.0120886 -0.910053 0.35661 0.922118 -0.150104 0.83736 -0.386724 -0.38636 
0.346264 0.0155246 -0.938011 0.0640298 0.997142 0.0401396 0.935951 -0.0739594 0.344279 
0.482225 0.0393618 -0.875162 0.390961 0.884323 0.255198 0.783971 -0.465217 0.411053 
-0.455987 0.0185651 -0.889794 0.344198 0.925664 -0.157075 0.820734 -0.37789 -0.428481 
-0.43958 -0.0250866 -0.897854 0.092733 0.993001 -0.0731461 0.893404 -0.115414 -0.434178 
0.468728 0.0550874 -0.881623 0.348618 0.905504 0.241927 0.811642 -0.420748 0.405231 
-0.486811 -0.0124348 -0.87342 0.10588 0.991687 -0.0731319 0.867067 -0.128079 -0.481447 
-0.47163 0.0102816 -0.881737 0.304872 0.940169 -0.15211 0.827417 -0.340556 -0.446546 
0.421123 0.00387043 -0.906997 0.0644794 0.997334 0.034194 0.904709 -0.0728824 0.419751 
0.455407 0.001281 -0.890284 0.0622971 0.997503 0.0333021 0.888102 -0.0706281 0.454188 
0.499657 0.0172743 -0.86605 0.337522 0.916899 0.213018 0.797762 -0.398747 0.452304 
0.475395 -0.0109767 -0.879705 0.0735565 0.996919 0.0273107 0.876693 -0.0776913 0.474738 
0.56636 0.0495532 -0.822668 0.314288 0.909776 0.271169 0.761881 -0.412134 0.499687 
0.558194 0.0164107 -0.82955 0.0506183 0.99727 0.0537892 0.828167 -0.0720151 0.555839 
0.637847 0.0155637 -0.770008 0.0310503 0.998465 0.0459021 0.769539 -0.0531874 0.636382 
0.655476 0.0439015 -0.75394 0.303315 0.898952 0.316048 0.691631 -0.435842 0.575925 
0.725668 0.0493136 -0.68628 0.276938 0.892133 0.356939 0.629854 -0.449076 0.633735 
0.688637 0.00339895 -0.7251 0.0483259 0.997552 0.0505715 0.723496 -0.0698663 0.686785 
0.749173 0.0623592 -0.659434 0.26995 0.880384 0.38994 0.60487 -0.470146 0.642726 
0.686113 0.0133067 -0.727373 0.0428937 0.997355 0.0587062 0.726228 -0.0714787 0.683727 
0.808178 0.0416026 -0.58747 0.257023 0.872582 0.415379 0.529896 -0.486692 0.694509 
0.820099 0.0186194 -0.57192 0.0486992 0.993574 0.102179 0.570146 -0.111649 0.813921 
0.85516 0.0455633 -0.51636 0.0411298 0.987026 0.155211 0.516732 -0.153968 0.842189 
0.870157 0.0803345 -0.486183 0.153386 0.893452 0.422155 0.468294 -0.441915 0.765123 
0.866591 0.0511622 -0.496391 0.0356602 0.98584 0.163864 0.497745 -0.159704 0.852494 
0.884337 0.0513731 -0.464018 0.0199068 0.988875 0.147421 0.466427 -0.139606 0.873473 
0.916615 0.0535716 -0.396168 0.0266391 0.980595 0.194236 0.398885 -0.188593 0.897399 
0.94703 0.0761986 -0.311977 0.00727626 0.966104 0.258053 0.321066 -0.246654 0.914375 
0.956728 0.0804692 -0.279638 -0.010404 0.969849 0.243489 0.290799 -0.230043 0.928718 
0.951508 0.0617513 -0.301361 0.00581362 0.975861 0.218319 0.307567 -0.209484 0.928181 
-0.546151 0.00017162 -0.837686 0.326194 0.921114 -0.212482 0.771568 -0.389295 -0.503123 
-0.543731 -0.0207778 -0.839001 0.0690641 0.995197 -0.0694037 0.836413 -0.0956817 -0.539685 
-0.582002 -0.0178661 -0.812992 0.279994 0.934226 -0.220972 0.763463 -0.356238 -0.538719 
-0.584347 -0.00312321 -0.811497 0.109919 0.990472 -0.0829629 0.804025 -0.137678 -0.578437 
-0.603784 -0.0121914 -0.797054 0.135573 0.983747 -0.117746 0.785536 -0.179152 -0.592318 
-0.606661 -0.00902093 -0.794911 0.298225 0.924325 -0.238089 0.736903 -0.381501 -0.558061 
-0.642352 -0.0173885 -0.766213 0.247167 0.941627 -0.228581 0.725461 -0.336212 -0.600557 
-0.655423 -0.0236823 -0.754892 0.0802641 0.991664 -0.100798 0.750987 -0.126656 -0.648058 
-0.709366 -0.0323553 -0.704098 0.112025 0.981074 -0.157947 0.695881 -0.190918 -0.692317 
0.967775 0.0576284 -0.245136 -0.00785478 0.979897 0.199352 0.251696 -0.191002 0.948772 
-0.792146 -0.033964 -0.609388 0.0546977 0.990484 -0.126306 0.607878 -0.133384 -0.782748 
-0.829473 -0.0276319 -0.557865 0.0550483 0.989869 -0.130879 0.555828 -0.13927 -0.819548 
-0.871431 -0.0231383 -0.489974 0.0506345 0.989308 -0.136773 0.487901 -0.143998 -0.860941 
-0.85872 -0.0432641 -0.510618 0.0810077 0.97244 -0.218627 0.506004 -0.229103 -0.831549 
-0.918856 -0.0573814 -0.3904 0.0109773 0.985271 -0.170653 0.394442 -0.161091 -0.904691 
-0.929491 -0.053466 -0.364951 0.00742532 0.986526 -0.163438 0.368772 -0.154624 -0.91657 
-0.901515 -0.0481841 -0.430059 0.0384125 0.98095 -0.190429 0.431042 -0.188194 -0.882489 
-0.0121431 -0.982065 0.188155 -0.979625 -0.0260403 -0.199138 0.200467 -0.186739 -0.96174 
0.00215098 -0.964003 0.265889 -0.923533 -0.103888 -0.369183 0.383516 -0.244763 -0.890511 
0.0159492 -0.97004 0.242433 -0.998743 -0.026983 -0.0422602 0.0475355 -0.241454 -0.969249 
-0.990186 -0.0470454 -0.131601 -0.0245647 0.985568 -0.167495 0.137582 -0.162618 -0.977052 
-0.976623 -0.0357253 -0.211977 0.0126411 0.974844 -0.222534 0.214595 -0.220011 -0.951602 
-0.997812 -0.0660958 -0.00180785 -0.0646124 0.980496 -0.185615 0.014041 -0.185092 -0.982623 
0.0367532 -0.984223 0.173079 -0.998498 -0.0291239 0.0464176 -0.0406445 -0.174524 -0.983814 
-0.907757 -0.0259428 -0.418695 0.04457 0.986473 -0.157754 0.417123 -0.161864 -0.894321 
-0.877271 -0.0313809 -0.478969 0.0414916 0.989168 -0.140804 0.478198 -0.143396 -0.866468 
-0.993219 -0.0585108 -0.100462 -0.0391792 0.982032 -0.184606 0.109458 -0.179418 -0.977666 
-0.934113 -0.0671872 -0.3506 0.00804379 0.97792 -0.208833 0.356891 -0.197893 -0.912945 
-0.946944 -0.06931 -0.313841 -0.0121584 0.983498 -0.180514 0.321173 -0.16712 -0.932159 
-0.966523 -0.0509651 -0.25147 -0.0112794 0.987567 -0.156796 0.256335 -0.148711 -0.955082 
0.0158545 -0.995283 0.0957198 -0.989973 -0.0290651 -0.138244 0.140375 -0.0925681 -0.985763 
0.0226092 -0.992324 0.121584 -0.987886 -0.040852 -0.149712 0.153529 -0.116726 -0.981227 
-0.0252486 -0.987197 0.157504 -0.994963 0.0095251 -0.0997959 0.0970179 -0.15923 -0.982464 
-0.0490565 -0.989639 0.134948 -0.911486 -0.0108876 -0.41119 0.408399 -0.143175 -0.901507 
0.0233882 -0.988955 0.146365 -0.995356 -0.0367126 -0.0890089 0.0933992 -0.143603 -0.98522 
0.0323122 -0.991805 0.123615 -0.995855 -0.0214258 0.088404 -0.0850311 -0.125958 -0.988387 
0.0147692 -0.993905 0.109251 -0.999887 -0.0150305 -0.00156703 0.00319975 -0.109216 -0.994015 
-0.129313 -0.980081 0.150734 -0.61974 -0.038785 -0.783849 0.77408 -0.194778 -0.60238 
-0.128532 -0.984802 0.11682 -0.688316 0.00378686 -0.725402 0.713935 -0.173646 -0.678341 
-0.082729 -0.988703 0.125003 -0.851828 0.00505116 -0.523799 0.517249 -0.149814 -0.842621 
0.0170131 -0.99477 0.100728 -0.999843 -0.0174277 -0.0032375 0.00497593 -0.100657 -0.99491 
-0.135085 -0.985517 0.102504 -0.761452 0.0370615 -0.647161 0.633989 -0.165473 -0.755431 
-0.162974 -0.97667 0.139841 -0.725616 0.0226115 -0.687729 0.668522 -0.213553 -0.712372 
-0.0412042 -0.989409 0.139197 -0.909927 -0.0203886 -0.414269 0.412719 -0.143729 -0.899448 
0.976545 0.0531107 -0.208658 -0.0216014 0.988377 0.15048 0.214226 -0.142443 0.966342 
0.119523 -0.985597 0.119642 -0.871012 -0.0462574 0.489081 -0.476502 -0.162666 -0.863994 
0.990828 0.0424809 -0.128287 -0.0196834 0.98455 0.173997 0.133697 -0.169876 0.976355 
-0.0377138 -0.988359 0.147394 -0.973216 0.00285435 -0.229879 0.226782 -0.152116 -0.961994 
0.992288 0.0725388 -0.100522 -0.0521134 0.979879 0.192673 0.112476 -0.185948 0.976102 
-0.993246 -0.0179151 0.114637 -0.0488289 0.960799 -0.272918 -0.105253 -0.276672 -0.955184 
0.0107834 -0.979896 0.199222 -0.999942 -0.0103464 0.00323383 -0.00110761 -0.199245 -0.97995 
0.0988334 -0.982116 0.160258 -0.827549 0.00831638 0.561332 -0.552624 -0.1881 -0.811926 
0.0523586 -0.985638 0.160553 -0.980045 -0.0198429 0.197787 -0.191762 -0.167705 -0.967007 
-0.0179215 -0.987739 0.155088 -0.98624 -0.00803364 -0.165132 0.164354 -0.155913 -0.974003 
-0.944435 0.00204174 0.328694 -0.0687595 0.976631 -0.203631 -0.321429 -0.214916 -0.922222 
0.15235 -0.978232 0.140895 -0.702418 -0.00688447 0.711731 -0.695268 -0.2074 -0.688177 
-0.796805 -0.0358536 0.603172 -0.133867 0.983906 -0.118357 -0.58922 -0.175052 -0.788781 
0.0878671 -0.994287 0.0606355 -0.773176 -0.0296935 0.633497 -0.628077 -0.102545 -0.771365 
-0.75961 -0.0194765 0.650089 -0.152861 0.976899 -0.149346 -0.632161 -0.212818 -0.745039 
-0.738191 -0.00351517 0.674583 -0.137797 0.979689 -0.145686 -0.660369 -0.200499 -0.723681 
-0.744928 -0.0287601 0.666526 -0.170338 0.974158 -0.14834 -0.645033 -0.224037 -0.730575 
-0.741122 -0.00188296 0.671369 -0.169579 0.968097 -0.184483 -0.649601 -0.250574 -0.717795 
0.153781 -0.983239 0.0979472 -0.783604 -0.0609684 0.618261 -0.601926 -0.171828 -0.779847 
-0.579204 -0.000851935 0.815182 -0.14779 0.983538 -0.103981 -0.801673 -0.180702 -0.569794 
0.993033 0.0673809 -0.0966832 -0.0500654 0.983914 0.17149 0.106683 -0.165454 0.980432 
0.996179 0.0669124 -0.056157 -0.0553484 0.98083 0.186844 0.0675825 -0.183022 0.980784 
0.996994 0.0644563 -0.0430152 -0.0551875 0.980275 0.189781 0.0543991 -0.186836 0.980885 
-0.683851 -0.00637526 0.729593 -0.177642 0.971326 -0.158018 -0.707666 -0.237668 -0.665375 
0.996515 0.04792 -0.0682818 -0.034903 0.982964 0.180458 0.0757662 -0.177446 0.981211 
0.998159 0.0589037 -0.014447 -0.0553731 0.982268 0.179125 0.0247418 -0.177995 0.983721 
0.997409 0.0694416 -0.0188064 -0.0656198 0.985271 0.157907 0.0294946 -0.156263 0.987276 
0.99693 0.0687417 0.0374656 -0.073328 0.987535 0.139271 -0.027425 -0.141591 0.989546 
0.99746 0.0505191 0.0502259 -0.057031 0.988782 0.138058 -0.0426878 -0.140571 0.98915 
0.996409 0.039086 0.0751198 -0.0492984 0.989022 0.139303 -0.0688503 -0.142506 0.987397 
0.995484 0.0351013 0.0881853 -0.0501043 0.983442 0.174159 -0.0806122 -0.177792 0.980761 
0.992943 0.052619 0.106293 -0.0672977 0.987918 0.139611 -0.0976625 -0.145778 0.984485 
0.993058 0.0378194 0.111384 -0.054929 0.986419 0.1548 -0.104017 -0.159844 0.981647 
0.986375 0.007346 0.164353 -0.0308336 0.989555 0.140818 -0.161602 -0.143967 0.976299 
0.992934 0.0168075 0.117474 -0.0332203 0.989709 0.139193 -0.113925 -0.142112 0.983274 
0.977255 0.0359161 0.209 -0.0651743 0.988723 0.134838 -0.2018 -0.145393 0.968576 
0.96708 0.020287 0.253663 -0.0584945 0.987847 0.144003 -0.247659 -0.154101 0.956514 
-0.0418729 -0.991436 0.123701 -0.97739 0.014964 -0.210915 0.207258 -0.129736 -0.969646 
0.937901 0.00503528 0.346866 -0.0572073 0.988451 0.140335 -0.342153 -0.151464 0.927356 
-0.639203 -0.0108832 0.768962 -0.209921 0.964397 -0.160849 -0.739833 -0.264237 -0.618729 
-0.584697 -0.00229548 0.811248 -0.216153 0.964289 -0.153061 -0.781925 -0.264848 -0.564312 
0.0875686 -0.992266 0.0879908 -0.449575 0.039457 0.89237 -0.88894 -0.117702 -0.442642 
0.0936712 -0.981987 0.164102 -0.835265 0.0121877 0.549709 -0.541805 -0.18856 -0.819077 
0.167216 -0.98057 0.102575 -0.384484 0.0309463 0.922612 -0.907861 -0.193714 -0.371839 
0.135341 -0.972709 0.188471 -0.740896 0.0269409 0.67108 -0.657841 -0.230462 -0.717031 
0.183917 -0.981538 0.0525241 -0.319088 -0.00907723 0.947683 -0.929708 -0.191054 -0.314866 
0.241379 -0.96784 0.0708444 -0.0572095 0.058684 0.996636 -0.968743 -0.24462 -0.0412046 
0.23832 -0.969725 0.0532722 -0.137647 0.0205727 0.990269 -0.961382 -0.243333 -0.128576 
0.237622 -0.970919 0.0291926 -0.00508397 0.0288098 0.999572 -0.971344 -0.237669 0.00190966 
-0.0478554 0.00258137 0.998852 -0.0757232 0.99711 -0.00620479 -0.99598 -0.0759332 -0.0475216 
0.0488501 0.0352688 0.998183 -0.234936 0.971744 -0.022837 -0.970782 -0.233394 0.0557558 
0.0185987 0.020355 0.99962 -0.398664 0.917027 -0.0112557 -0.916908 -0.398301 0.0251704 
0.251884 -0.967757 -3.46945e-018 0.0541473 0.0140933 0.998435 -0.966241 -0.25149 0.0559514 
0.114369 0.0253231 0.993115 -0.253346 0.967367 0.00450926 -0.960591 -0.252117 0.117052 
0.082597 0.0390246 0.995819 -0.411852 0.911249 -0.00154979 -0.907499 -0.410002 0.0913388 
0.0605919 0.0116035 0.998095 -0.290226 0.956937 0.00649396 -0.955038 -0.290067 0.0613498 
0.0233122 0.00786231 0.999699 -0.241552 0.970387 -0.00199899 -0.970107 -0.241432 0.0245211 
0.0980899 0.00216963 0.995177 -0.28835 0.957164 0.0263345 -0.952488 -0.289541 0.0945136 
0.215168 0.00246128 0.976575 -0.215128 0.975552 0.0449404 -0.952588 -0.219758 0.210436 
0.20962 0.00905973 0.977742 -0.234192 0.971317 0.0412086 -0.949323 -0.237617 0.205728 
0.197017 0.00175216 0.9804 -0.247895 0.967593 0.0480871 -0.948542 -0.252511 0.191066 
0.313146 -0.0130178 0.949616 -0.229423 0.969255 0.0889414 -0.921578 -0.245715 0.300532 
0.440822 0.000371867 0.897594 -0.237356 0.964452 0.116169 -0.865643 -0.264259 0.42524 
0.38166 0.0306554 0.923795 -0.259268 0.962876 0.0751626 -0.887194 -0.268197 0.375438 
0.538993 0.0338702 0.841629 -0.22182 0.969628 0.103036 -0.812576 -0.242226 0.530137 
0.554643 0.00657795 0.832062 -0.207941 0.969335 0.130948 -0.805687 -0.24565 0.539003 
0.174653 -0.970937 0.163647 -0.554756 0.040278 0.831039 -0.813476 -0.235928 -0.531597 
0.491108 0.0121322 0.871014 -0.177352 0.980352 0.0863425 -0.852852 -0.19688 0.48361 
0.497407 0.00211424 0.867516 -0.188414 0.97639 0.105651 -0.846809 -0.216004 0.48606 
0.517678 -0.0331603 0.854933 -0.197299 0.96769 0.157003 -0.832515 -0.249955 0.494409 
-0.0749933 -0.0302141 0.996728 -0.199963 0.979695 0.0146527 -0.97693 -0.198209 -0.0795121 
-0.044387 -0.0156709 0.998893 -0.186665 0.982398 0.00711749 -0.98142 -0.186142 -0.0465308 
-0.0106593 -0.012057 0.999872 -0.200958 0.979553 0.00966964 -0.979542 -0.20083 -0.0128643 
-0.0422215 -0.00761049 0.99908 -0.201746 0.979437 -0.00106497 -0.978528 -0.201606 -0.0428886 
-0.0569296 -0.0122935 0.998303 -0.182748 0.98316 0.00168557 -0.981511 -0.182342 -0.0582175 
0.00659305 -0.0140823 0.99988 -0.165357 0.98612 0.0149789 -0.986212 -0.165436 0.00417281 
-0.0495574 -0.0209362 0.998552 -0.193816 0.980977 0.0109488 -0.979786 -0.192992 -0.0526724 
0.0274851 -0.0138683 0.999527 -0.207621 0.97802 0.0192791 -0.977824 -0.208052 0.0240017 
0.0150213 -0.00676539 0.999864 -0.201667 0.979406 0.00965671 -0.979339 -0.201785 0.0133476 
0.00370347 -0.00417391 0.999985 -0.215169 0.976566 0.00487307 -0.97657 -0.215183 0.00271866 
-0.00477722 -0.0225311 0.999736 -0.197939 0.979987 0.0211402 -0.980203 -0.197785 -0.00914129 
0.0070541 -0.0144302 0.999872 -0.173392 0.984733 0.0154349 -0.984828 -0.173479 0.00444417 
0.0190913 -0.00142098 0.999817 -0.195434 0.980703 0.00512551 -0.980531 -0.195495 0.0184452 
-0.0166827 -0.00216061 0.999858 -0.198761 0.980047 -0.00119855 -0.979906 -0.198752 -0.0167792 
0.038916 0.00136029 0.999242 -0.205709 0.978591 0.00667927 -0.977839 -0.205813 0.0383627 
0.0360557 -0.0207579 0.999135 -0.168558 0.985334 0.0265539 -0.985032 -0.16937 0.032028 
0.0871284 -0.0123511 0.99612 -0.198038 0.979751 0.0294701 -0.976314 -0.199838 0.0829181 
0.0339548 -0.00630646 0.999404 -0.169773 0.985411 0.0119862 -0.984899 -0.170078 0.0323887 
-0.0245688 -0.0391719 0.99893 -0.254674 0.966511 0.0316369 -0.966715 -0.253624 -0.0337221 
-0.0258362 -0.00379537 0.999659 -0.253291 0.967385 -0.00287346 -0.967046 -0.253279 -0.0259549 
0.08262 -0.0180649 0.996417 -0.184076 0.982356 0.033073 -0.979433 -0.186149 0.0778368 
-0.0431729 -0.00562419 0.999052 -0.299396 0.9541 -0.00756693 -0.953151 -0.29944 -0.042875 
-0.0048889 0.0153671 0.999871 -0.266411 0.963725 -0.0161142 -0.963848 -0.266454 -0.000617597 
-0.213607 -0.0103215 0.976866 -0.254858 0.965907 -0.0455228 -0.943091 -0.258686 -0.208955 
-0.0135513 0.000627702 0.999908 -0.253111 0.967429 -0.00403761 -0.967343 -0.253143 -0.012951 
0.293022 0.0105682 0.956048 -0.222254 0.9733 0.0573604 -0.929915 -0.229293 0.287548 
-0.341703 -0.0248373 0.93948 -0.190446 0.980742 -0.0433398 -0.92031 -0.193729 -0.339852 
0.608187 0.0309973 0.79319 -0.165854 0.982145 0.0887887 -0.776275 -0.185554 0.602468 
0.548821 0.0126254 0.835845 -0.174729 0.979532 0.0999323 -0.817475 -0.200891 0.539794 
0.643932 0.0210094 0.764794 -0.128959 0.988301 0.0814303 -0.754136 -0.151063 0.639108 
0.535323 0.0280967 0.84418 -0.147569 0.987186 0.0607223 -0.831656 -0.157081 0.532609 
0.898182 0.00405139 0.439603 -0.0688811 0.988904 0.131621 -0.434192 -0.1485 0.888496 
0.888275 0.0332665 0.458108 -0.0983224 0.988027 0.1189 -0.448668 -0.150658 0.880909 
0.427771 0.0384007 0.903071 -0.157552 0.986971 0.0326621 -0.89005 -0.156253 0.428248 
0.901291 0.0384691 0.431506 -0.104057 0.986114 0.129433 -0.420534 -0.161558 0.892777 
-0.248771 -0.00911069 0.96852 -0.213522 0.975871 -0.0456647 -0.944734 -0.21816 -0.244714 
-0.273976 -0.0242895 0.961431 -0.216568 0.975564 -0.0370682 -0.937035 -0.218371 -0.272541 
-0.411935 -0.013576 0.911112 -0.202306 0.976298 -0.07692 -0.888472 -0.21601 -0.404918 
-0.389586 -0.0256135 0.920634 -0.188851 0.980594 -0.0526344 -0.901421 -0.194367 -0.386863 
-0.153609 -0.0184019 0.987961 -0.162903 0.986618 -0.00695143 -0.974611 -0.16201 -0.154551 
-0.309688 -0.0440095 0.949819 -0.119641 0.992792 0.0069916 -0.943282 -0.111473 -0.312722 
0.910466 0.0171141 0.413231 -0.0847855 0.985647 0.145985 -0.404801 -0.16795 0.898848 
0.883092 0.0444122 0.467094 -0.113245 0.986254 0.120326 -0.45533 -0.159155 0.875982 
0.73951 0.0442224 0.671692 -0.17524 0.976081 0.128671 -0.649935 -0.212861 0.729571 
0.701663 -0.00597041 0.712484 -0.123571 0.983792 0.129939 -0.701712 -0.179216 0.689552 
-0.647034 -0.0394698 0.76144 -0.129182 0.989897 -0.0584604 -0.751438 -0.13619 -0.645594 
0.197414 0.015087 0.980204 -0.181056 0.983241 0.021331 -0.963456 -0.181682 0.196837 
-0.821688 -0.0233679 0.569459 -0.120343 0.983747 -0.133277 -0.557088 -0.178042 -0.811143 
-0.813813 -0.0189165 0.58082 -0.112204 0.985778 -0.125109 -0.570192 -0.166985 -0.804361 
-0.758115 -0.0225095 0.651733 -0.109001 0.989718 -0.092611 -0.642946 -0.14125 -0.752773 
-0.798707 -0.00546899 0.601694 -0.099793 0.987315 -0.123494 -0.593386 -0.158681 -0.789122 
-0.874454 -0.0184179 0.484758 -0.0815888 0.990629 -0.10954 -0.478199 -0.135338 -0.867762 
-0.854874 -0.0161122 0.518585 -0.100414 0.985758 -0.134903 -0.509024 -0.167398 -0.844317 
-0.89739 -0.0196729 0.440798 -0.0401538 0.998501 -0.0371825 -0.439407 -0.051067 -0.896836 
-0.821559 -0.0178011 0.569846 -0.15307 0.969701 -0.190392 -0.549191 -0.243644 -0.799391 
-0.78355 -0.0260354 0.620784 -0.160517 0.973687 -0.161767 -0.600238 -0.226398 -0.767111 
-0.6997 -0.0230285 0.714065 -0.198776 0.966291 -0.163615 -0.686227 -0.256421 -0.680692 
-0.657758 0.0036139 0.753221 -0.195247 0.964991 -0.175131 -0.727485 -0.262258 -0.634025 
0.582396 0.0428974 0.811772 -0.204351 0.974265 0.0951255 -0.7868 -0.221288 0.576174 
0.810149 0.00621815 0.586191 -0.129648 0.977084 0.168816 -0.571709 -0.212765 0.792389 
-0.0234552 -0.00595494 0.999707 -0.287482 0.957785 -0.00103972 -0.957499 -0.287422 -0.024177 
0.132551 -0.975427 0.17599 -0.666144 0.0438092 0.744535 -0.73395 -0.215923 -0.643968 
0.201408 -0.96731 0.154097 -0.51935 0.0279268 0.854105 -0.830488 -0.252054 -0.496748 
0.184057 -0.972691 0.141403 -0.51636 0.0267248 0.855954 -0.836359 -0.230559 -0.49734 
0.0776653 -0.0202297 0.996775 -0.215911 0.975725 0.0366256 -0.97332 -0.218059 0.0714121 
0.0930635 0.00517791 0.995647 -0.252098 0.967525 0.0185319 -0.963217 -0.252725 0.0913465 
0.133508 -0.00259287 0.991044 -0.207124 0.97784 0.030461 -0.969162 -0.209336 0.130012 
0.133601 -0.973079 0.187798 -0.684021 0.0465796 0.727973 -0.717123 -0.225716 -0.659384 
0.209653 -0.0120936 0.977701 -0.216218 0.974596 0.0584197 -0.95357 -0.223644 0.201712 
0.251406 -0.966195 0.057108 -0.133047 0.0239443 0.99082 -0.958694 -0.256696 -0.12253 
0.135864 -0.982848 0.124706 -0.703129 -0.00698091 0.711028 -0.697962 -0.184287 -0.692017 
0.19418 -0.980303 0.0360619 -0.257738 -0.0155141 0.966091 -0.946502 -0.19689 -0.255674 
0.177541 -0.971355 0.157951 -0.688932 -0.00806458 0.72478 -0.702746 -0.237496 -0.67063 
0.21887 -0.972012 0.0853767 -0.305625 0.0148039 0.952037 -0.926655 -0.234466 -0.293831 
0.319141 0.0191638 0.947514 -0.23458 0.970281 0.059387 -0.918216 -0.241221 0.314151 
0.141344 -0.978858 0.147849 -0.740345 -0.00537217 0.672206 -0.657199 -0.204471 -0.725452 
0.573439 0.0203452 0.818996 -0.250944 0.956 0.151956 -0.779869 -0.292659 0.553313 
0.626657 0.0168749 0.779112 -0.235274 0.957211 0.168504 -0.74293 -0.288899 0.603814 
0.677497 0.00807374 0.735482 -0.195392 0.965987 0.169383 -0.709098 -0.258464 0.656031 
0.663984 0.00774345 0.747706 -0.192826 0.9679 0.161211 -0.722456 -0.251219 0.644162 
0.497058 0.0206681 0.86747 -0.287113 0.947321 0.141945 -0.818839 -0.319617 0.476809 
0.379873 0.016468 0.924893 -0.243967 0.966225 0.0829983 -0.892287 -0.257172 0.37106 
0.681611 0.030333 0.731086 -0.22695 0.958631 0.171818 -0.69563 -0.283033 0.660298 
0.737045 0.000323095 0.675843 -0.134703 0.980007 0.146432 -0.662283 -0.198965 0.722353 
0.814132 -0.0088854 0.580611 -0.0864006 0.986899 0.136254 -0.574216 -0.161094 0.802699 
0.921795 -0.00194521 0.387673 -0.0550295 0.989205 0.13581 -0.383753 -0.146522 0.911737 
0.906592 -0.00590855 0.421965 -0.0494917 0.991513 0.120217 -0.419094 -0.129872 0.898606 
0.868184 -0.00463474 0.496221 -0.0466496 0.994766 0.0909092 -0.494045 -0.102075 0.863423 
0.880199 -0.000984876 0.474603 -0.0723441 0.988034 0.136219 -0.469058 -0.154235 0.869595 
0.876876 -0.00983488 0.480617 -0.0913522 0.978164 0.186686 -0.471959 -0.207606 0.856828 
0.871341 0.00426558 0.490659 -0.066788 0.991687 0.109985 -0.486111 -0.128604 0.864382 
0.858024 0.0100304 0.513511 -0.0846921 0.988886 0.122196 -0.506578 -0.148338 0.849337 
0.832609 0.0023 0.553858 -0.0930884 0.986347 0.135843 -0.545983 -0.164662 0.821455 
0.76789 -0.00751162 0.640538 -0.0863334 0.989595 0.115103 -0.634737 -0.143686 0.759251 
0.737501 -0.0189775 0.675078 -0.0665786 0.992693 0.100641 -0.672055 -0.119169 0.730849 
0.712645 0.00981563 0.701455 -0.0867121 0.993467 0.0741936 -0.696144 -0.113699 0.708841 
0.746837 -0.0044499 0.664993 -0.0810951 0.991906 0.0977134 -0.660044 -0.126904 0.74043 
0.775032 -0.0341463 0.630999 -0.0517858 0.991749 0.117275 -0.629797 -0.123568 0.766867 
