-0.988164 0.0195731 0.152157 -0.0299112 0.948214 -0.316231 -0.150467 -0.317039 -0.936403 
-0.998927 0.0246705 0.0392487 0.00963985 0.938673 -0.344674 -0.0453452 -0.343926 -0.937902 
-0.995752 0.0038959 0.0920321 -0.0183372 0.97073 -0.239495 -0.0902708 -0.240163 -0.966527 
-0.990626 0.0406192 0.13044 -0.00473163 0.944008 -0.3299 -0.136536 -0.327424 -0.934964 
0.0954699 -0.965098 0.243883 -0.938249 -0.00539664 0.34593 -0.332538 -0.261848 -0.906013 
-0.0338037 -0.966879 0.252997 -0.999421 0.0337508 -0.00455126 -0.00413885 -0.253004 -0.967459 
0.0262911 -0.968601 0.247238 -0.919896 0.0733659 0.385245 -0.391286 -0.237561 -0.88908 
-0.0663192 -0.963818 0.258188 -0.992233 0.0364078 -0.118958 0.105254 -0.264072 -0.958746 
0.0775209 -0.965028 0.250431 -0.941423 0.0118362 0.337028 -0.328205 -0.261887 -0.90758 
-0.10066 -0.969903 0.221724 -0.928515 0.0115251 -0.371121 0.357392 -0.24323 -0.901726 
-0.140116 -0.96754 0.210341 -0.892029 0.0311547 -0.450908 0.429718 -0.250808 -0.867432 
-0.0645504 -0.955396 0.2882 -0.979828 0.00594399 -0.199756 0.189132 -0.29528 -0.936505 
-0.152863 -0.972019 0.178379 -0.827564 0.0272471 -0.560713 0.540161 -0.233332 -0.80857 
-0.0836403 -0.947797 0.307711 -0.964366 -0.000796668 -0.264582 0.251015 -0.318875 -0.913954 
-0.161337 -0.967862 0.192931 -0.80781 0.0172092 -0.589195 0.566937 -0.25091 -0.784621 
-0.153673 -0.968458 0.196171 -0.802143 0.00633307 -0.597102 0.577022 -0.249115 -0.777811 
-0.0481547 -0.967018 0.25013 -0.988679 0.0105161 -0.149684 0.142116 -0.254506 -0.956575 
-0.0535131 -0.9466 0.317942 -0.986817 0.00142574 -0.161847 0.15275 -0.322411 -0.934197 
-0.999389 0.00367129 -0.0348108 0.0196228 0.88229 -0.470304 0.028987 -0.470698 -0.88182 
-0.999442 -0.0144101 -0.0302292 -0.00791138 0.978734 -0.204993 0.0325404 -0.204638 -0.978299 
-0.999495 0.016488 0.0271765 0.00909282 0.967536 -0.252582 -0.0304594 -0.252207 -0.967196 
-0.999554 -0.00436597 0.0295813 -0.0190264 0.856046 -0.516554 -0.0230682 -0.516885 -0.855747 
-0.998902 0.0120444 -0.0453533 0.0287177 0.921283 -0.387839 0.0371117 -0.388714 -0.920614 
-0.984492 -0.00227886 0.175418 -0.0653713 0.932672 -0.354766 -0.162798 -0.36073 -0.918355 
-0.974816 0.0029042 0.222997 -0.0728599 0.940904 -0.330756 -0.210779 -0.338673 -0.916995 
-0.969922 0.0319788 0.241314 -0.0536721 0.938845 -0.340141 -0.237433 -0.342861 -0.908887 
-0.925232 0.0696072 0.372968 -0.0743443 0.930711 -0.358126 -0.372053 -0.359077 -0.855947 
-0.892532 0.0383009 0.44936 -0.11946 0.940723 -0.317457 -0.434879 -0.33702 -0.835046 
-0.12179 -0.970528 0.207957 -0.906999 0.0237239 -0.420467 0.403141 -0.239825 -0.883156 
-0.991726 0.004621 -0.128308 0.0513067 0.930358 -0.363054 0.117695 -0.366631 -0.922894 
0.0398713 -0.96531 0.25805 -0.983182 0.0081665 0.182461 -0.178238 -0.260985 -0.948748 
-0.152571 -0.975445 0.158852 -0.896634 0.0690187 -0.437368 0.415664 -0.20916 -0.885143 
0.0164582 -0.968293 0.249284 -0.970779 0.0442268 0.235883 -0.239428 -0.245881 -0.939267 
0.0342283 -0.960492 0.276203 -0.952209 0.0525937 0.300896 -0.303533 -0.273302 -0.912786 
-0.987724 0.050648 0.147782 -0.0276257 0.87445 -0.484334 -0.153758 -0.48247 -0.862316 
-0.982492 0.0374026 0.182519 -0.0224589 0.948725 -0.315312 -0.184954 -0.31389 -0.931275 
-0.7447 0.0568173 0.664978 -0.181674 0.941487 -0.283897 -0.642201 -0.332227 -0.690803 
-0.81515 0.0281484 0.578571 -0.191063 0.929859 -0.314428 -0.546837 -0.366847 -0.752593 
-0.934547 0.000558435 -0.355846 0.150212 0.907159 -0.393073 0.322591 -0.420796 -0.847862 
-0.885072 0.0751253 0.459355 -0.0866025 0.943078 -0.321099 -0.45733 -0.323977 -0.828185 
-0.955102 0.0417886 0.293317 -0.0368315 0.965579 -0.257496 -0.293981 -0.256739 -0.920689 
-0.0881084 -0.970859 0.222873 -0.956273 0.019796 -0.291809 0.278893 -0.238838 -0.93015 
-0.151599 -0.963424 0.22099 -0.885147 0.0328129 -0.464158 0.439929 -0.265974 -0.857742 
-0.719713 -0.00724524 0.694233 -0.154924 0.97641 -0.150421 -0.676766 -0.215813 -0.703856 
-0.94639 0.0214787 0.32232 -0.0585393 0.969866 -0.236511 -0.317686 -0.242699 -0.916612 
-0.144271 -0.975229 0.167689 -0.900706 0.0592443 -0.430374 0.409777 -0.213128 -0.886939 
-0.871001 0.00133057 -0.491284 0.187346 0.925335 -0.329638 0.454162 -0.379154 -0.806213 
-0.816821 0.0272862 0.576249 -0.178194 0.938101 -0.297007 -0.548684 -0.345286 -0.761399 
-0.817686 0.019492 0.575335 -0.129232 0.967705 -0.216455 -0.560972 -0.251343 -0.788758 
-0.883054 0.0379065 0.467747 -0.0811506 0.969385 -0.231763 -0.46221 -0.242616 -0.852939 
-0.148052 -0.972733 0.178541 -0.905078 0.0604959 -0.420926 0.398645 -0.223912 -0.889353 
-0.813659 0.00773816 -0.581295 0.213717 0.933877 -0.286715 0.540638 -0.357519 -0.761508 
-0.82818 0.013387 0.560305 -0.120983 0.971878 -0.202044 -0.547252 -0.235116 -0.803268 
-0.767665 0.0366866 0.639803 -0.135351 0.966558 -0.217823 -0.626398 -0.253813 -0.737026 
-0.701543 0.0252389 0.712182 -0.127346 0.978849 -0.160133 -0.701158 -0.203033 -0.683489 
-0.747712 0.0116739 0.663922 -0.133795 0.976692 -0.167854 -0.650406 -0.214335 -0.728721 
-0.78455 0.022549 0.619657 -0.0525482 0.993329 -0.102679 -0.617837 -0.113118 -0.77813 
-0.800789 0.0221596 0.598537 -0.111273 0.976417 -0.185024 -0.588521 -0.214766 -0.779438 
-0.789129 0.0138613 0.614074 -0.155003 0.962898 -0.220926 -0.59435 -0.269522 -0.7577 
-0.75752 0.0141142 0.65266 -0.149242 0.969548 -0.194186 -0.635525 -0.244504 -0.732344 
-0.798028 0.0160369 0.602409 -0.0453244 0.995219 -0.0865367 -0.600915 -0.0963623 -0.793484 
-0.695404 0.0813727 0.714 -0.41073 0.770284 -0.487822 -0.589676 -0.632492 -0.502233 
-0.438788 0.0304503 0.898076 -0.200297 0.970968 -0.130784 -0.875984 -0.237268 -0.419949 
-0.76285 0.000799769 0.646578 -0.0883794 0.990487 -0.105498 -0.640509 -0.137623 -0.755519 
-0.219196 0.0229513 0.975413 -0.261987 0.961625 -0.0815015 -0.93985 -0.273411 -0.204772 
-0.558984 0.00568523 0.829162 -0.103764 0.991639 -0.0767523 -0.822662 -0.12894 -0.55372 
-0.8717 0.0202115 0.489625 -0.0490217 0.990543 -0.128164 -0.487584 -0.135723 -0.862464 
-0.836309 0.00277607 0.548257 -0.0560131 0.994324 -0.0904769 -0.545394 -0.106376 -0.831403 
-0.354926 0.00279787 0.934889 -0.0970446 0.994486 -0.0398192 -0.929845 -0.104859 -0.352697 
-0.222031 -0.0251048 0.974719 -0.100824 0.994904 0.00265766 -0.969814 -0.0976846 -0.223432 
-0.826568 -0.0156556 0.562619 -0.0628108 0.995937 -0.0645657 -0.55932 -0.0887059 -0.824192 
-0.673534 0.0346276 0.738343 -0.473763 0.746519 -0.467188 -0.567364 -0.664467 -0.4864 
-0.803126 0.00888255 0.595747 -0.0648419 0.992649 -0.102214 -0.592273 -0.12072 -0.796645 
-0.233528 -0.011023 0.972289 -0.132067 0.99103 -0.0204838 -0.963341 -0.133191 -0.232889 
-0.252734 -0.000812839 0.967539 -0.118584 0.992489 -0.030142 -0.960244 -0.122352 -0.250932 
-0.768909 0.0132931 0.639222 -0.0575449 0.994289 -0.0898954 -0.636765 -0.105906 -0.763752 
-0.0729359 -0.000499598 0.997336 -0.0938725 0.995565 -0.00636547 -0.99291 -0.0940868 -0.0726592 
0.033395 -0.00356749 0.999437 -0.0481305 0.998829 0.00517383 -0.998284 -0.0482763 0.0331838 
0.0687103 0.000233515 0.99764 -0.0745145 0.997209 0.00489965 -0.994852 -0.0746748 0.0685356 
0.258084 0.00148474 0.966124 0.0236804 0.999691 -0.00786271 -0.965835 0.0249072 0.257968 
-0.628073 0.00802486 0.778116 -0.165103 0.975808 -0.143329 -0.760439 -0.21849 -0.611554 
-0.559048 -0.0134236 0.829027 -0.15901 0.983047 -0.0913098 -0.813746 -0.18287 -0.551706 
-0.504063 -0.00603967 0.863647 -0.174712 0.980018 -0.0951171 -0.845812 -0.198833 -0.495046 
-0.517409 -0.0134093 0.855635 -0.174073 0.980622 -0.0898954 -0.837848 -0.195456 -0.509717 
-0.574179 0.0362986 0.817927 -0.3995 0.859592 -0.318593 -0.714646 -0.509691 -0.479059 
-0.539478 0.00964821 0.841948 -0.211664 0.966271 -0.146696 -0.814962 -0.257349 -0.519239 
-0.833801 -0.00976808 0.551982 -0.0662845 0.994383 -0.0825284 -0.548075 -0.105401 -0.829763 
-0.86231 -0.00287379 0.506376 -0.0472238 0.996086 -0.0747648 -0.504178 -0.0883827 -0.859068 
-0.850864 -0.000821931 0.525388 -0.0417285 0.996948 -0.0660202 -0.523729 -0.0780977 -0.8483 
-0.639525 0.0331341 0.768056 -0.172787 0.967315 -0.185602 -0.749102 -0.251408 -0.612898 
-0.471769 0.0147198 0.881601 -0.259496 0.953261 -0.15478 -0.842673 -0.301792 -0.445898 
-0.488742 0.0255057 0.872056 -0.198681 0.970056 -0.139722 -0.849506 -0.241548 -0.469041 
-0.433184 0.0221947 0.901032 -0.286291 0.944536 -0.160906 -0.854628 -0.327659 -0.402804 
-0.834334 0.00309824 0.551252 -0.021585 0.999035 -0.0382847 -0.550837 -0.0438413 -0.833462 
-0.392471 0.0139176 0.919659 -0.326609 0.932613 -0.153497 -0.859821 -0.360612 -0.361478 
-0.688226 0.056825 0.72327 -0.146131 0.96564 -0.214918 -0.710627 -0.253604 -0.656274 
-0.285702 0.957106 -0.0482335 0.312587 0.0454937 -0.948801 -0.905906 -0.286151 -0.312175 
-0.224784 0.974204 -0.0201028 0.203022 0.0266464 -0.978813 -0.953026 -0.224103 -0.203774 
-0.42179 -0.0488112 0.905377 -0.422086 0.894326 -0.148422 -0.802458 -0.44475 -0.39782 
0.242578 -0.969949 0.0189748 -0.037663 0.0101284 0.99924 -0.969403 -0.243108 -0.0340739 
0.236134 -0.971603 0.0152555 -0.0238442 0.00990201 0.999668 -0.97143 -0.236419 -0.0208282 
0.206072 -0.978395 0.0167574 0.0385129 0.0252212 0.998942 -0.97778 -0.205209 0.0428779 
-0.380244 -0.0133689 0.92479 -0.259711 0.961208 -0.09289 -0.887674 -0.275499 -0.368965 
-0.537295 -0.0017598 0.843395 -0.203999 0.970577 -0.127934 -0.818354 -0.24079 -0.521845 
0.234803 -0.971116 0.0424669 -0.0659489 0.0276728 0.997441 -0.969806 -0.237002 -0.057547 
0.24534 -0.968462 0.0435094 -0.052022 0.0316638 0.998145 -0.968041 -0.247148 -0.0426125 
0.219489 -0.975501 0.0149519 -0.0169386 0.0115134 0.999792 -0.97547 -0.219696 -0.0139953 
0.224769 -0.974399 0.00556367 -0.0219486 0.000645945 0.999757 -0.974166 -0.224836 -0.0212402 
0.196373 -0.980308 0.020905 -0.0277805 0.0157489 0.999492 -0.980137 -0.196853 -0.0241398 
-0.0208472 -0.00144334 0.999783 -0.268273 0.963335 -0.00420336 -0.96312 -0.268303 -0.0204689 
-0.687527 -0.000720307 0.72616 -0.161532 0.975098 -0.151972 -0.707966 -0.221783 -0.67052 
0.189125 -0.981615 0.0257644 -0.0526467 0.0160641 0.998483 -0.980542 -0.190194 -0.0486391 
0.221577 -0.975123 -0.00625006 0.011449 -0.0038063 0.999928 -0.975076 -0.221633 0.0103209 
-0.570608 0.000490656 0.821224 -0.18627 0.973863 -0.130007 -0.799822 -0.227152 -0.5556 
0.243632 -0.969841 0.00730026 -0.0499798 -0.00503712 0.998737 -0.96858 -0.24369 -0.0496991 
0.215542 -0.976322 0.0184239 -0.02109 0.0142079 0.999678 -0.976268 -0.215861 -0.0175264 
-0.549163 -0.0377959 0.834861 -0.179496 0.980999 -0.0736596 -0.816214 -0.190305 -0.545512 
0.427554 0.0226783 0.903707 -0.233056 0.968658 0.085953 -0.873433 -0.247364 0.419439 
-0.3821 -0.0377755 0.92335 -0.390589 0.912135 -0.124316 -0.837523 -0.40815 -0.36328 
-0.123638 0.972303 -0.198354 0.832314 -0.00723401 -0.55426 -0.540342 -0.23362 -0.808366 
-0.379134 -0.0576117 0.923547 -0.438263 0.890202 -0.124384 -0.814977 -0.451913 -0.362754 
0.482847 0.0147921 0.875581 -0.200881 0.975068 0.0943038 -0.852354 -0.221421 0.47378 
-0.112502 0.973789 -0.197696 0.826588 -0.0187004 -0.562498 -0.55145 -0.226695 -0.802818 
0.41876 0.0509833 0.906667 -0.258242 0.963887 0.0650727 -0.870605 -0.261389 0.416803 
0.189195 -0.980658 0.0501795 -0.104127 0.030778 0.99409 -0.976405 -0.193301 -0.096289 
0.255302 -0.96684 0.00633601 0.0280391 0.0139541 0.99951 -0.966457 -0.255 0.0306717 
0.25911 -0.965681 -0.0180136 0.0160358 -0.0143466 0.999769 -0.965716 -0.259338 0.0117682 
0.248391 -0.968638 -0.00638433 0.0332584 0.00194118 0.999447 -0.968089 -0.248466 0.0326971 
0.218413 -0.975805 -0.00996681 -0.0131792 -0.0131606 0.999827 -0.975769 -0.218243 -0.0157337 
0.226455 -0.973795 -0.0210342 -0.0288808 -0.0282979 0.999183 -0.973593 -0.225662 -0.0345322 
0.497727 0.0455381 0.86614 -0.222214 0.971985 0.0765923 -0.838387 -0.230591 0.493902 
0.24908 -0.968449 0.00815285 -0.0240416 0.00223286 0.999709 -0.968183 -0.249204 -0.0227268 
0.259224 -0.965782 0.00826215 -0.0140408 0.00478589 0.999891 -0.965715 -0.259311 -0.0123195 
0.270139 -0.96281 0.00447808 -0.0301389 -0.00380632 0.999539 -0.962351 -0.270151 -0.0300457 
0.292725 -0.955915 0.0231084 -0.00597881 0.0223376 0.999734 -0.956177 -0.292784 0.000824604 
0.268774 -0.962951 0.0220886 -0.00256862 0.0222162 0.999752 -0.9632 -0.268764 0.00349774 
0.26416 -0.964358 0.0153068 -0.00946533 0.0132766 0.999869 -0.964432 -0.264269 -0.00561922 
0.270817 -0.961978 0.0354402 -0.0378588 0.0261439 0.998942 -0.961886 -0.271872 -0.0293387 
0.269053 -0.963069 0.0104237 -0.0260921 0.00353112 0.999653 -0.962773 -0.269231 -0.0241774 
0.258826 -0.965836 0.0130514 -0.00484024 0.0122145 0.999914 -0.965912 -0.258868 -0.00151244 
0.259618 -0.9657 0.00503395 0.0212523 0.0109247 0.999716 -0.965478 -0.259437 0.023359 
-0.508015 -0.0300718 0.860823 -0.217968 0.971352 -0.0947008 -0.833316 -0.235741 -0.500015 
-0.434882 -0.00936115 0.900439 -0.200622 0.975821 -0.0867491 -0.877857 -0.218372 -0.426245 
0.239788 -0.97082 0.00311865 -0.0262399 -0.00326962 0.99965 -0.97047 -0.239786 -0.0262568 
0.268197 -0.963134 -0.0210597 0.0117675 -0.0185837 0.999759 -0.963293 -0.268381 0.00634957 
0.252951 -0.967375 0.014178 -0.0564551 -0.000129033 0.998406 -0.96583 -0.253349 -0.0546449 
0.274349 -0.961463 -0.0179677 0.0138765 -0.0147237 0.999795 -0.961531 -0.274542 0.00930196 
0.262633 -0.964789 0.0143597 -0.0140308 0.011061 0.999842 -0.964794 -0.262793 -0.0106306 
0.2416 -0.970345 0.00771382 -0.0522451 -0.00506833 0.998621 -0.968969 -0.241671 -0.0519196 
0.232348 -0.972388 0.0218097 -0.0624411 0.00746495 0.998021 -0.970626 -0.23325 -0.0589834 
0.260982 -0.964848 -0.0309962 0.00162354 -0.0316699 0.999497 -0.965342 -0.2609 -0.0066973 
0.249373 -0.968367 -0.00876061 0.0222728 -0.003308 0.999748 -0.968151 -0.249506 0.0207429 
0.290604 -0.956304 -0.0321619 0.0352709 -0.0228826 0.999117 -0.956194 -0.29148 0.0270792 
0.294504 -0.955233 -0.0282481 0.0640657 -0.00975766 0.997897 -0.9535 -0.295695 0.058324 
0.292944 -0.955776 -0.0260486 0.0357816 -0.0162646 0.999227 -0.955461 -0.293649 0.0294341 
0.26974 -0.962917 -0.00593983 -0.00779579 -0.00835151 0.999934 -0.962903 -0.269676 -0.00975803 
0.286599 -0.957996 -0.0103163 -0.00661118 -0.0127452 0.999897 -0.95803 -0.286501 -0.00998498 
0.262097 -0.96504 0.00166686 0.00289214 0.00251306 0.999994 -0.965038 -0.262091 0.00344959 
0.274977 -0.961413 -0.00865505 0.0875028 0.0160603 0.996035 -0.957462 -0.274644 0.0885426 
0.257608 -0.966244 0.00383843 0.0726388 0.0233266 0.997087 -0.963516 -0.256579 0.0761957 
0.286849 -0.95739 0.0335323 0.0363149 0.0458455 0.99829 -0.957288 -0.285139 0.0479176 
0.311502 -0.950238 0.00401831 0.0987632 0.0365813 0.99444 -0.945099 -0.309372 0.105244 
0.291665 -0.956178 0.0257075 0.106686 0.0592267 0.992526 -0.950553 -0.286742 0.119285 
-0.235763 0.00964582 0.971763 -0.249893 0.965726 -0.0702137 -0.939133 -0.25939 -0.225271 
0.32496 -0.945728 0.000155027 0.143144 0.0493479 0.988472 -0.934833 -0.321191 0.151412 
0.340835 -0.940043 -0.0122536 0.326926 0.106294 0.939053 -0.88145 -0.324068 0.343554 
0.3195 -0.944234 -0.0796178 0.414044 0.0635346 0.908038 -0.852343 -0.323083 0.411255 
0.327068 -0.943645 -0.0506248 0.467791 0.115125 0.87631 -0.821097 -0.310295 0.479083 
-0.61441 -0.000869878 0.788985 -0.168678 0.977025 -0.130278 -0.770745 -0.213128 -0.60044 
0.341605 -0.937782 -0.0622006 0.49315 0.122513 0.861275 -0.800069 -0.32489 0.504319 
-0.330235 0.0111319 0.943832 -0.343484 0.929956 -0.13115 -0.879184 -0.367502 -0.303281 
0.515595 -0.00532984 0.856815 -0.243024 0.958006 0.152201 -0.821646 -0.286701 0.492649 
0.494776 -0.0280399 0.868568 -0.287522 0.93791 0.194064 -0.820078 -0.345751 0.455992 
0.599406 0.0485721 0.798971 -0.294232 0.941646 0.163495 -0.744406 -0.333083 0.578719 
0.874069 0.0369133 0.4844 -0.164372 0.960771 0.223383 -0.457153 -0.274874 0.845847 
0.626829 0.0551626 0.777202 -0.22363 0.968261 0.111638 -0.746377 -0.243784 0.619269 
0.209108 0.0608765 0.975997 -0.500161 0.864294 0.0532509 -0.840306 -0.499291 0.211178 
0.48305 0.029325 0.875103 -0.171315 0.98329 0.0616144 -0.858671 -0.17968 0.480001 
0.673307 0.0447854 0.738008 -0.18018 0.978009 0.105035 -0.717074 -0.203695 0.666571 
0.874963 0.0370088 0.482774 -0.10255 0.988619 0.110073 -0.473206 -0.145817 0.8688 
0.76364 0.0334611 0.644777 -0.142908 0.982647 0.118257 -0.629631 -0.182449 0.755168 
0.736669 0.0400388 0.675068 -0.156518 0.981237 0.112603 -0.657891 -0.188611 0.729114 
0.229167 0.016897 0.973243 -0.273423 0.960712 0.0477032 -0.934197 -0.277037 0.224783 
0.94862 0.00537609 0.316376 -0.0754328 0.974872 0.209611 -0.307299 -0.222706 0.925186 
0.912371 0.0132824 0.40915 -0.0823614 0.984993 0.151681 -0.400996 -0.172087 0.899772 
0.683672 0.0542092 0.727774 -0.191473 0.975627 0.107199 -0.704225 -0.212637 0.677388 
0.908558 0.0211144 0.417223 -0.100466 0.980456 0.169157 -0.405498 -0.195606 0.892923 
0.721702 0.0420757 0.690925 -0.171162 0.978003 0.119227 -0.670709 -0.204306 0.713028 
-0.392267 0.00400369 0.919843 -0.360455 0.919347 -0.157717 -0.846286 -0.393428 -0.359187 
-0.646081 -0.00467607 0.763254 -0.15243 0.980629 -0.123022 -0.747894 -0.195824 -0.634278 
0.818161 0.0498039 0.572828 -0.149314 0.980468 0.128017 -0.555263 -0.19027 0.809619 
0.788283 0.0378559 0.614148 -0.1417 0.982449 0.121319 -0.598776 -0.182659 0.779811 
0.788706 0.0445487 0.613156 -0.15337 0.980093 0.126073 -0.595334 -0.193474 0.779839 
0.900957 0.0226301 0.433317 -0.103711 0.980926 0.164409 -0.42133 -0.193065 0.886119 
0.313477 -0.939101 -0.140795 0.573894 0.0692292 0.816 -0.756558 -0.336598 0.560646 
0.508133 0.00566919 0.86126 -0.117847 0.991032 0.0630042 -0.853179 -0.133512 0.504244 
0.54484 0.0307327 0.837978 -0.444246 0.858142 0.25737 -0.711193 -0.512493 0.481203 
-0.319799 -0.0166473 0.94734 -0.414626 0.901489 -0.124126 -0.851949 -0.432485 -0.295196 
0.66104 0.0373998 0.749419 -0.216465 0.965801 0.142739 -0.71845 -0.256579 0.646528 
-0.528693 0.0171485 0.848641 -0.208418 0.966567 -0.149373 -0.822828 -0.255844 -0.507443 
-0.574668 0.0143841 0.818261 -0.19217 0.969519 -0.152005 -0.795506 -0.244597 -0.554387 
-0.665124 0.0147984 0.746588 -0.164414 0.972366 -0.165748 -0.728411 -0.232993 -0.64431 
0.245405 -0.966727 -0.0722372 0.614688 0.0975512 0.782715 -0.749624 -0.236487 0.618174 
-0.321503 0.00673571 0.946885 -0.360413 0.923838 -0.128945 -0.875639 -0.382725 -0.294588 
0.788956 0.068409 0.610631 -0.198242 0.96898 0.147581 -0.581592 -0.237488 0.778045 
0.834836 0.0701893 0.546007 -0.210013 0.957433 0.19803 -0.508865 -0.279992 0.814042 
0.70193 0.0751703 0.708269 -0.251719 0.956424 0.147959 -0.666284 -0.282141 0.690265 
0.614529 0.0693825 0.785838 -0.236985 0.966353 0.100004 -0.752458 -0.247687 0.610295 
0.743783 0.0392686 0.667269 -0.176626 0.974337 0.13954 -0.644664 -0.221644 0.73163 
0.394205 0.0405238 0.918129 -0.229289 0.971771 0.0555557 -0.889962 -0.232416 0.392369 
0.517149 0.0415215 0.854889 -0.210461 0.974324 0.0799918 -0.829618 -0.221289 0.512609 
0.71116 0.046192 0.701513 -0.147845 0.985353 0.0849961 -0.687311 -0.16416 0.707571 
0.701637 0.0636452 0.709685 -0.169469 0.982328 0.0794507 -0.692087 -0.176016 0.700024 
0.753724 0.0733071 0.653092 -0.155636 0.985401 0.0690101 -0.638497 -0.153658 0.754129 
0.779409 0.044757 0.624917 -0.142004 0.984107 0.106627 -0.610214 -0.171847 0.773375 
0.796262 0.0535108 0.602582 -0.181455 0.971344 0.153521 -0.577097 -0.231585 0.783153 
0.876027 0.0132378 0.482078 -0.137455 0.965013 0.223282 -0.462257 -0.261866 0.847198 
0.843588 0.0386328 0.535601 -0.160034 0.970173 0.182081 -0.512591 -0.239316 0.824608 
0.844688 -0.0133052 0.535097 -0.158206 0.948821 0.273332 -0.511347 -0.315536 0.799352 
0.853143 0.0295997 0.520841 -0.159719 0.965266 0.206766 -0.496628 -0.259589 0.828236 
0.851237 0.0682424 0.520326 -0.142325 0.98437 0.103735 -0.505115 -0.162359 0.847644 
-0.361769 -0.00722676 0.93224 -0.294864 0.949524 -0.107066 -0.88441 -0.313617 -0.345638 
0.933695 0.0538092 0.354009 -0.124116 0.975988 0.179003 -0.335876 -0.211073 0.917952 
0.932538 0.0184011 0.360601 -0.118226 0.959207 0.256794 -0.341166 -0.282104 0.896674 
0.107325 -0.993222 -0.04463 0.672741 0.0394958 0.738821 -0.732051 -0.109318 0.672423 
0.110262 -0.993544 -0.026713 0.626919 0.0486678 0.777564 -0.771245 -0.102483 0.628238 
0.717539 0.0343472 0.695671 -0.0152698 0.999321 -0.0335892 -0.696352 0.0134789 0.717575 
0.666505 0.0269602 0.745017 -0.31048 0.918594 0.244518 -0.677773 -0.394284 0.620616 
0.499375 -0.785401 -0.365748 0.630019 0.039404 0.775581 -0.59473 -0.617734 0.514495 
0.476576 -0.787127 -0.391545 0.653685 0.0194636 0.756517 -0.587854 -0.616486 0.523809 
0.469356 -0.813812 -0.342659 0.604066 0.0128787 0.796831 -0.644058 -0.580986 0.49764 
0.62846 0.0360808 0.777006 -0.0670609 0.997718 0.00791045 -0.774946 -0.0570782 0.629445 
0.58469 0.0210045 0.810985 -0.293864 0.93726 0.18759 -0.756164 -0.348002 0.554178 
0.752299 0.0426326 0.657442 -0.530084 0.631755 0.565596 -0.39123 -0.773996 0.497867 
0.631728 -0.00548152 0.775171 -0.53851 0.716197 0.443924 -0.557608 -0.697876 0.44949 
0.669571 -0.016535 0.742564 -0.0203229 0.998972 0.0405696 -0.742471 -0.0422552 0.668545 
0.911812 0.019853 0.41013 -0.156997 0.939794 0.303548 -0.379408 -0.341168 0.860031 
0.955219 0.0201497 0.295215 -0.0706849 0.984336 0.161527 -0.287336 -0.175161 0.941678 
0.980566 0.0544258 0.188491 -0.0863373 0.982429 0.165473 -0.176172 -0.178531 0.968035 
0.643455 -0.0214058 0.765187 -0.596304 0.612779 0.518581 -0.479989 -0.789967 0.381531 
0.634127 0.00768464 0.77319 0.0407267 0.998232 -0.0433233 -0.772156 0.0589619 0.632693 
0.995544 0.0214979 0.0918222 -0.0419391 0.973015 0.226902 -0.0844662 -0.229741 0.96958 
0.971983 -0.00854554 0.234901 -0.0341093 0.983633 0.176923 -0.232569 -0.179978 0.955783 
0.983679 0.0119492 0.179548 -0.0378583 0.989203 0.141579 -0.175917 -0.146066 0.973508 
0.981432 0.00297529 0.191797 -0.0845855 0.904132 0.418797 -0.172164 -0.427244 0.887594 
0.969032 -0.00206235 0.246936 -0.125413 0.857301 0.499308 -0.212728 -0.514814 0.830491 
0.967601 0.00429374 0.25246 -0.148095 0.819471 0.553659 -0.204507 -0.573107 0.793554 
0.994076 -0.00330072 0.108653 -0.0466151 0.890027 0.453525 -0.0982009 -0.455901 0.884597 
0.999752 -0.00930384 0.020339 0.00769768 0.99695 0.0776697 -0.0209999 -0.0774938 0.996772 
0.997939 0.0212323 0.0605554 -0.0449694 0.904584 0.42392 -0.0457763 -0.42577 0.903674 
0.849645 0.0046951 0.527338 -0.20058 0.927685 0.314911 -0.487726 -0.373334 0.789143 
0.789694 -0.0315702 0.612691 -0.223944 0.914932 0.335783 -0.571171 -0.402372 0.715445 
0.810761 -0.0480351 0.583406 -0.0940533 0.97299 0.210819 -0.577774 -0.225795 0.784343 
-0.276949 0.120451 0.953305 -0.60112 0.752281 -0.269686 -0.749637 -0.647741 -0.135937 
0.812306 -0.00778374 0.583178 -0.097212 0.984117 0.148541 -0.575072 -0.177353 0.798648 
0.898512 0.014249 0.438721 -0.105566 0.977155 0.184464 -0.42607 -0.212057 0.879487 
0.941376 0.0473311 0.334027 -0.214913 0.847347 0.485609 -0.260053 -0.528927 0.807843 
0.854358 -0.00160806 0.519687 -0.176109 0.939933 0.292429 -0.48894 -0.341359 0.802753 
0.89978 -0.0526077 0.433167 -0.0238484 0.985294 0.169201 -0.435697 -0.162574 0.885291 
0.949307 0.0255312 0.313316 -0.11894 0.951775 0.282815 -0.290985 -0.305741 0.90656 
0.999603 0.0277932 -0.00506805 -0.0229305 0.90296 0.429113 0.0165028 -0.428824 0.903238 
0.996529 -0.0442305 -0.0705202 0.0628697 0.955158 0.289342 0.0545603 -0.292771 0.954625 
0.999101 0.0310416 -0.0289295 -0.0268967 0.990613 0.134037 0.0328187 -0.133139 0.990555 
0.999721 -6.45171e-005 -0.0237088 0.00243894 0.994972 0.100138 0.0235827 -0.100167 0.994692 
0.999951 0.00490975 -0.00862495 -0.0056107 0.996519 -0.0832135 0.00818642 0.083257 0.996495 
0.998465 -0.00597347 -0.0550614 0.0117188 0.994444 0.104621 0.0541307 -0.105106 0.992987 
0.883495 -0.010729 0.468321 -0.254815 0.827885 0.499679 -0.393076 -0.560799 0.728697 
0.966533 0.0999307 -0.236288 0.0871687 0.738307 0.668809 0.241287 -0.66702 0.704886 
0.888763 -0.00976119 0.458265 0.0199697 0.99965 -0.0174376 -0.457935 0.0246489 0.888645 
0.946578 0.0115191 -0.322273 -0.0264083 0.998775 -0.0418669 0.321395 0.0481407 0.945722 
0.994755 -0.0355925 -0.0959018 0.0386515 0.998797 0.0302314 0.0947103 -0.0337797 0.994934 
0.921299 0.0490459 -0.385754 0.0818481 0.945332 0.315671 0.380147 -0.3224 0.866918 
0.994667 0.0107347 -0.102583 -0.00594787 0.998886 0.0468555 0.102972 -0.0459953 0.993622 
0.997015 0.000593239 -0.0772377 0.00450258 0.997824 0.0657859 0.0771084 -0.065938 0.99484 
0.984913 -0.0082333 -0.17286 0.0355908 0.987152 0.15577 0.169356 -0.159572 0.972551 
0.827509 0.0127702 0.561308 0.0737773 0.9886 -0.131258 -0.556585 0.150029 0.817133 
0.79211 -0.023962 0.609909 -0.314884 0.839958 0.441952 -0.522888 -0.542124 0.657793 
0.993566 0.0958634 -0.0603262 -0.00709519 0.58424 0.81155 0.113043 -0.8059 0.581161 
0.995128 0.00865442 -0.0982273 -0.0107486 0.999728 -0.0208108 0.0980202 0.0217649 0.994947 
0.9905 0.0262419 -0.134994 -0.0113358 0.993864 0.110026 0.137053 -0.10745 0.98472 
0.5798 0.134186 -0.803634 0.322211 0.868178 0.377428 0.748342 -0.477771 0.460131 
0.552999 0.106296 -0.826375 0.437083 0.807387 0.396343 0.709332 -0.580371 0.400023 
0.518493 -0.0053849 -0.855067 0.0391077 0.999084 0.0174221 0.854189 -0.042473 0.518228 
0.997226 0.0108045 -0.0736609 -0.011659 0.999871 -0.0111809 0.0735305 0.0120088 0.997223 
0.613724 -0.0178832 0.78932 -0.559278 0.695808 0.450623 -0.557272 -0.718006 0.417031 
0.649093 -0.0166688 0.760529 0.143431 0.984511 -0.100836 -0.747067 0.174535 0.641428 
0.616515 0.000877568 0.787344 -0.4176 0.848117 0.326049 -0.667475 -0.529808 0.523244 
0.937166 0.034771 0.34715 -0.0967633 0.981891 0.162876 -0.335201 -0.186233 0.923558 
0.968357 0.0141619 0.24917 -0.0615691 0.981087 0.183516 -0.241858 -0.19305 0.950915 
0.947157 0.0226315 0.319972 -0.079751 0.982802 0.166559 -0.3107 -0.183276 0.932672 
0.940344 0.0194848 0.339668 -0.0797288 0.98318 0.164322 -0.330753 -0.181601 0.92608 
0.985029 -0.00466504 0.172331 -0.0216601 0.988365 0.150561 -0.171028 -0.15204 0.973465 
0.95407 0.0109369 0.299392 -0.0578735 0.98724 0.14836 -0.293949 -0.158873 0.942526 
0.994559 0.00089535 0.104179 -0.0191361 0.984522 0.174223 -0.10241 -0.175269 0.97918 
0.970354 0.0213172 0.240751 -0.0497458 0.992392 0.11263 -0.236518 -0.121267 0.96403 
0.994042 -0.0110005 0.108443 -0.00734433 0.985875 0.167329 -0.108752 -0.167129 0.979919 
0.912111 -0.00541379 0.409911 -0.0586124 0.987918 0.143467 -0.405736 -0.154883 0.900772 
0.983155 0.0313685 0.180065 -0.0579231 0.987856 0.144171 -0.173355 -0.152172 0.973033 
0.997731 -0.00165815 0.067317 -0.00905879 0.987304 0.158584 -0.0667253 -0.158834 0.985048 
0.911509 0.0357853 0.409722 -0.10113 0.985123 0.138944 -0.398654 -0.168083 0.901567 
0.99791 0.012552 -0.0634231 -0.0111215 0.999679 0.0228589 0.0636891 -0.0221058 0.997726 
0.99358 0.0149372 -0.11216 -0.00506242 0.996125 0.087816 0.113036 -0.086684 0.989803 
0.999265 -0.0140875 0.0356739 0.00946436 0.991909 0.126596 -0.0371688 -0.126164 0.991314 
0.999399 0.00796629 -0.0337823 -0.00301562 0.989554 0.144137 0.0345775 -0.143948 0.988982 
0.703538 0.00361536 0.710651 0.0751449 0.994003 -0.0794493 -0.706675 0.109297 0.699047 
0.996184 0.0011981 -0.0872864 0.0143236 0.984111 0.176981 0.0861114 -0.177555 0.980337 
-0.385186 -0.0223812 0.922568 -0.25607 0.963042 -0.0835503 -0.886601 -0.268424 -0.376682 
-0.326343 -0.0192765 0.945055 0.0539854 0.997781 0.038994 -0.943709 0.0637444 -0.324578 
-0.30876 -0.025933 0.950787 -0.190354 0.981092 -0.0350567 -0.931898 -0.191809 -0.307857 
-0.317372 -0.016017 0.948167 -0.265275 0.961439 -0.0725515 -0.910442 -0.274551 -0.309382 
-0.389218 -0.0199142 0.920932 -0.267771 0.95904 -0.0924313 -0.881369 -0.282575 -0.378606 
-0.193443 0.00350019 0.981106 -0.236474 0.970346 -0.0500876 -0.952188 -0.241695 -0.18688 
0.995132 -0.00632214 0.0983542 -0.00573381 0.992537 0.121812 -0.0983907 -0.121783 0.987669 
-0.327087 -0.00937807 0.944948 -0.173231 0.983602 -0.0502013 -0.928983 -0.180115 -0.323347 
-0.425897 0.0142422 0.90466 -0.23173 0.964809 -0.124284 -0.874594 -0.26257 -0.407609 
0.814604 0.103796 -0.570656 0.0999285 0.944032 0.314356 0.571346 -0.3131 0.758638 
0.993586 0.0042822 -0.113006 0.0132718 0.987962 0.154127 0.112306 -0.154637 0.981569 
0.999718 -0.0221217 -0.00870503 0.0228696 0.994914 0.0980957 0.00649085 -0.0982666 0.995139 
0.989373 -0.0222216 -0.1437 0.0437934 0.987906 0.148748 0.138657 -0.15346 0.97838 
0.995234 -0.00454354 -0.0974219 0.0219548 0.983712 0.178406 0.0950245 -0.179694 0.979123 
0.989724 0.00363438 -0.142949 0.0174381 0.989149 0.145884 0.141928 -0.146877 0.978921 
-0.801607 0.0316412 -0.597014 0.207013 0.951516 -0.227526 0.560868 -0.305976 -0.769291 
0.985231 -0.00900798 -0.170997 0.0163123 0.999012 0.0413589 0.170456 -0.0435374 0.984404 
0.997184 -0.00471173 -0.0748697 0.000622958 0.998512 -0.0545415 0.075015 0.0543408 0.995701 
-0.750665 0.0197728 -0.660389 0.217808 0.951081 -0.219107 0.623749 -0.308312 -0.718248 
-0.161598 -0.967942 0.192295 -0.890016 0.0587674 -0.452127 0.426331 -0.244208 -0.87098 
0.934174 0.0210882 0.356194 -0.336559 0.383654 0.859965 -0.11852 -0.923237 0.365497 
0.993151 0.0185467 -0.11537 -0.0130401 0.998749 0.0483036 0.116122 -0.0464687 0.992148 
-0.645102 0.0388492 -0.763109 0.247427 0.955518 -0.160522 0.722927 -0.292367 -0.626017 
-0.753011 0.0443446 -0.656513 0.206057 0.963437 -0.171269 0.624913 -0.264246 -0.734614 
-0.639174 0.0156414 -0.768904 0.153608 0.982244 -0.10771 0.753567 -0.186955 -0.630226 
-0.732278 0.00826077 0.680956 -0.168843 0.966505 -0.193294 -0.659743 -0.256519 -0.706356 
-0.670609 0.00914133 0.741755 -0.17262 0.970552 -0.168025 -0.721447 -0.240721 -0.649283 
-0.56877 0.0410845 0.821472 -0.174161 0.97009 -0.169103 -0.803847 -0.239249 -0.544601 
-0.915725 -0.041496 0.399663 -0.10801 0.983466 -0.145367 -0.387022 -0.176283 -0.905063 
-0.68857 0.0114154 0.725082 -0.187305 0.963149 -0.193036 -0.700565 -0.26873 -0.661056 
-0.746496 -0.00856239 0.665338 -0.169844 0.969247 -0.178089 -0.643351 -0.245946 -0.724992 
-0.703986 0.00268631 0.71021 -0.144434 0.978555 -0.14687 -0.695374 -0.205973 -0.6885 
-0.652055 -0.00761715 0.758134 -0.183133 0.971924 -0.147744 -0.735722 -0.235176 -0.635142 
-0.699971 0.0316529 0.713471 -0.251625 0.924026 -0.287857 -0.668378 -0.381018 -0.638826 
-0.996023 0.0162107 -0.0876268 0.0142146 0.999627 0.0233528 0.0879724 0.0220143 -0.99588 
-0.581885 0.0340526 0.812559 -0.15121 0.977174 -0.149235 -0.799092 -0.209704 -0.563453 
-0.581833 0.0202055 0.813059 -0.156925 0.978118 -0.136605 -0.798027 -0.20707 -0.565931 
0.997866 0.0324074 -0.0567152 -0.0340584 0.999017 -0.0283908 0.0557394 0.0302623 0.997988 
-0.570906 0.0151109 0.820877 -0.10927 0.989539 -0.0942114 -0.813712 -0.143483 -0.563282 
-0.510728 0.0149885 0.859613 -0.146667 0.983674 -0.104292 -0.847141 -0.179341 -0.500191 
-0.522309 0.00207975 0.852754 -0.207102 0.96975 -0.129215 -0.827226 -0.244097 -0.506078 
-0.497202 -0.0120495 0.867552 -0.174374 0.980891 -0.0863121 -0.849932 -0.194193 -0.489802 
0.978188 0.00156004 -0.207718 0.036521 0.983104 0.179368 0.204488 -0.183042 0.961603 
0.960569 0.00495149 -0.278001 0.0498649 0.980564 0.189762 0.273537 -0.196142 0.941652 
0.966714 -0.00574066 -0.255798 0.0445764 0.988239 0.146286 0.251949 -0.152819 0.955599 
0.949154 0.00555116 -0.314769 0.0375932 0.990693 0.13083 0.312565 -0.136011 0.94011 
0.918517 -0.0116958 -0.395212 0.0544927 0.993768 0.097238 0.391612 -0.11085 0.91343 
-0.563339 0.0308115 -0.82565 0.221877 0.968241 -0.115251 0.795876 -0.248118 -0.552284 
-0.643506 0.0228724 -0.765099 0.160202 0.981442 -0.105402 0.748489 -0.190396 -0.635224 
-0.458486 0.044596 -0.887581 0.311198 0.943562 -0.113343 0.832433 -0.32818 -0.446489 
-0.1885 0.0148973 -0.98196 0.32995 0.942724 -0.0490352 0.924987 -0.33324 -0.18262 
-0.669724 0.020556 -0.742324 0.1686 0.977723 -0.125038 0.723216 -0.208896 -0.658271 
-0.677345 0.0476107 -0.734121 0.189771 0.975439 -0.111832 0.710765 -0.215063 -0.669745 
-0.700974 0.0334364 -0.712402 0.16461 0.979516 -0.115996 0.69393 -0.198578 -0.692117 
-0.659063 0.0498834 -0.750433 0.207101 0.971261 -0.117322 0.723013 -0.232737 -0.650449 
-0.593032 0.0521863 -0.803485 0.217568 0.971164 -0.0975037 0.775226 -0.232635 -0.587285 
-0.540862 0.0479532 -0.839744 0.224494 0.970387 -0.0891771 0.810599 -0.236749 -0.53561 
0.158621 0.0264933 -0.986984 0.269282 0.960583 0.0690633 0.949909 -0.276732 0.145233 
0.0108517 0.0131669 -0.999855 0.25259 0.96745 0.0154818 0.967513 -0.25272 0.00717117 
-0.385818 0.0450594 -0.921477 0.45155 0.880219 -0.14602 0.804517 -0.472429 -0.35995 
0.174955 0.0506671 -0.983272 0.193299 0.977473 0.0847625 0.965414 -0.204894 0.161219 
-0.659279 0.0253057 -0.751472 0.150211 0.983721 -0.0986566 0.736743 -0.177921 -0.652343 
-0.672299 0.0227427 -0.739928 0.166964 0.978432 -0.121631 0.721202 -0.205314 -0.661597 
-0.20536 -0.97858 -0.0143914 -0.0625047 0.0277883 -0.997659 0.976689 -0.203979 -0.0668723 
-0.24383 -0.969807 0.0047256 -0.0990441 0.0200541 -0.994882 0.964748 -0.243049 -0.100944 
-0.225648 -0.973105 -0.0463869 -0.041487 0.05717 -0.997501 0.973326 -0.22316 -0.0532719 
-0.245363 -0.968798 -0.0350684 -0.0262941 0.0428108 -0.998738 0.969075 -0.24413 -0.0359782 
-0.250062 -0.96736 -0.0410616 0.0124867 0.0391826 -0.999155 0.96815 -0.250362 0.0022795 
-0.267321 -0.963036 -0.0331924 0.00298253 0.0336193 -0.999431 0.963604 -0.267268 -0.00611529 
-0.278806 -0.959669 -0.0361027 -0.00825885 0.0399873 -0.999168 0.960313 -0.278275 -0.0190748 
-0.284526 -0.958017 -0.035314 -0.0366427 0.0476765 -0.998192 0.957968 -0.282718 -0.0486703 
-0.261405 -0.964552 -0.0361756 -0.0422439 0.048875 -0.997912 0.964305 -0.25933 -0.0535227 
-0.262395 -0.964956 0.00270359 -0.073365 0.0171554 -0.997159 0.962168 -0.261847 -0.0752956 
-0.311403 -0.949258 -0.0440382 0.0148259 0.0414832 -0.999031 0.950163 -0.311754 0.00115526 
-0.241228 -0.969491 -0.0435376 -0.0465587 0.0563721 -0.997325 0.96935 -0.238554 -0.058737 
-0.268821 -0.962434 -0.0381545 -0.00727109 0.0416396 -0.999106 0.963164 -0.268303 -0.0181924 
-0.292981 -0.95576 -0.0261335 -0.0135134 0.0314697 -0.999415 0.956023 -0.292457 -0.0221359 
-0.31528 -0.948372 -0.0344575 0.00317953 0.0352526 -0.999374 0.948994 -0.315193 -0.00809896 
-0.271595 -0.960101 -0.0666475 0.0616205 0.0517604 -0.996758 0.960438 -0.274821 0.0451046 
-0.292632 -0.954999 -0.0483903 0.0384412 0.0388137 -0.998508 0.955452 -0.294056 0.0253526 
-0.307682 -0.951461 -0.00730106 -0.0381725 0.0200097 -0.999072 0.950723 -0.307118 -0.0424766 
-0.311266 -0.949104 -0.0481212 -0.0158552 0.0558151 -0.998315 0.95019 -0.309979 -0.0324214 
-0.320039 -0.946924 -0.0301384 0.0107487 0.0281795 -0.999545 0.947345 -0.320219 0.00115926 
-0.260913 -0.964871 -0.0308064 0.0188176 0.026822 -0.999464 0.96518 -0.261353 0.0111579 
-0.277283 -0.959721 -0.0452822 0.031362 0.0380638 -0.998785 0.960276 -0.278366 0.0195444 
-0.292754 -0.955641 -0.0323147 0.00130089 0.033396 -0.999442 0.956187 -0.292633 -0.00853443 
-0.319797 -0.947312 -0.0181527 -0.0352926 0.0310538 -0.998896 0.946828 -0.318803 -0.0433642 
-0.194359 -0.979223 -0.057864 -0.00998725 0.0609605 -0.998092 0.980881 -0.19341 -0.0216279 
0.33949 0.0681616 -0.938136 0.0954024 0.989734 0.106435 0.935758 -0.125634 0.329505 
-0.0990012 0.0138407 -0.994993 0.1235 0.992344 0.00151577 0.987394 -0.122731 -0.0999526 
-0.21451 -0.976071 -0.0356466 0.000671028 0.0363477 -0.999339 0.976722 -0.214392 -0.00714263 
-0.0678304 0.0108819 -0.997639 0.0546707 0.998479 0.00717412 0.996199 -0.0540551 -0.0683224 
0.461167 0.0718951 -0.884395 0.183179 0.96753 0.174173 0.868199 -0.242326 0.433022 
-0.0776715 0.00380066 -0.996974 0.0414009 0.999144 0.000582639 0.996121 -0.0412304 -0.0777623 
-0.307677 -0.951197 -0.0235751 -0.0435011 0.0388125 -0.998301 0.950495 -0.306129 -0.0533199 
-0.0892863 0.00951364 -0.99596 0.21041 0.977567 -0.00952413 0.973529 -0.210411 -0.0892856 
-0.30369 -0.952623 -0.0167423 -0.00661355 0.0196789 -0.999786 0.952748 -0.303514 -0.0122766 
-0.209806 -0.977164 -0.0336624 0.01711 0.0307547 -0.999381 0.977594 -0.210252 0.0102662 
-0.302712 -0.953062 -0.00592899 -0.053514 0.0232065 -0.998298 0.951578 -0.301881 -0.0580277 
-0.312137 -0.949396 -0.0349114 0.0276445 0.027655 -0.999235 0.949633 -0.312864 0.0176134 
-0.301592 -0.953097 -0.0254554 0.00694439 0.0245013 -0.999677 0.953411 -0.301672 -0.000770897 
-0.292883 -0.955907 -0.0214221 -0.0324481 0.0323283 -0.998951 0.955598 -0.291881 -0.0404861 
-0.286374 -0.954964 -0.0776804 0.120578 0.0445095 -0.991706 0.9505 -0.293366 0.102402 
-0.293778 -0.95134 -0.0929853 0.144767 0.0518736 -0.988106 0.944848 -0.303745 0.122484 
-0.245987 -0.967188 -0.063554 0.118971 0.0349439 -0.992283 0.961945 -0.251649 0.106472 
-0.240253 -0.969454 -0.049382 0.152001 0.012673 -0.988299 0.958736 -0.244948 0.144312 
-0.17536 -0.982528 -0.0623392 0.219 0.022803 -0.975459 0.959838 -0.184708 0.211174 
-0.0992457 -0.0157052 -0.994941 -0.0532818 0.998526 -0.010447 0.993637 0.0519753 -0.0999361 
0.388965 0.0429201 -0.920252 0.0408169 0.997131 0.0637576 0.920348 -0.0623619 0.386095 
0.70672 0.0189167 -0.707241 0.0353128 0.997454 0.0619652 0.706612 -0.0687662 0.704251 
0.60779 0.0260603 -0.793671 0.0265301 0.998238 0.0530931 0.793656 -0.0533257 0.606028 
0.802987 0.038062 -0.594782 0.00766736 0.997217 0.0741662 0.59595 -0.0641153 0.80046 
-0.0808894 0.0446728 -0.995723 0.419356 0.907798 0.00666157 0.904212 -0.417023 -0.0921648 
0.390189 0.0317149 -0.920188 0.326996 0.929483 0.170693 0.860712 -0.367501 0.352304 
-0.406094 0.0248425 -0.913494 0.0563749 0.998408 0.00209094 0.912092 -0.0506491 -0.406848 
-0.738768 0.0333342 -0.673137 0.0832213 0.995646 -0.0420304 0.668804 -0.0870698 -0.738323 
0.0514614 0.0417565 -0.997803 -0.284969 0.958202 0.0254013 0.957154 0.283036 0.0612098 
-0.0869148 0.0189202 -0.996037 -0.283527 0.958003 0.0429396 0.955018 0.286135 -0.0779 
-0.371246 0.0408579 -0.927636 0.32758 0.940559 -0.0896726 0.868832 -0.337165 -0.362562 
-0.372891 -0.0146661 -0.92776 -0.296264 0.94942 0.104067 0.879307 0.313668 -0.358375 
-0.381804 0.0452887 -0.923134 0.19903 0.979396 -0.03427 0.902561 -0.196815 -0.382951 
-0.807897 0.0159932 -0.589107 0.220549 0.935195 -0.27707 0.546499 -0.353772 -0.759069 
-0.770037 0.0214753 -0.637638 -0.0542812 0.993605 0.0990158 0.635687 0.110858 -0.763946 
-0.818811 0.0100108 -0.573976 0.024318 0.999557 -0.0172588 0.573549 -0.0280895 -0.818691 
-0.885506 -0.021864 -0.464115 -0.0307537 0.99946 0.0115917 0.46361 0.0245385 -0.8857 
0.449686 0.0416874 -0.892214 0.122158 0.986654 0.107669 0.884794 -0.157409 0.43859 
0.267655 0.0395196 -0.962704 0.348898 0.927377 0.135072 0.898126 -0.372038 0.234428 
0.676012 0.0455109 -0.735484 0.122963 0.977131 0.173483 0.726559 -0.207714 0.654955 
0.787579 0.0495908 -0.614216 -0.0526462 0.998528 0.0131135 0.613962 0.0220076 0.789031 
0.418585 0.014304 -0.908064 -0.0492681 0.998762 -0.00697886 0.90684 0.0476597 0.418772 
0.629004 0.0583282 -0.775212 0.150783 0.969092 0.19526 0.762641 -0.239708 0.600767 
0.767881 0.0580778 -0.637955 0.0797068 0.979481 0.18511 0.635615 -0.192992 0.747496 
0.16203 -0.00907969 -0.986745 0.190155 0.981503 0.0221925 0.968292 -0.19123 0.160758 
-0.123749 -0.990935 -0.0522689 0.22518 0.0232577 -0.974039 0.966426 -0.132306 0.220261 
-0.142757 -0.988383 -0.0521533 0.205663 0.0219208 -0.978378 0.968155 -0.150397 0.200144 
0.298822 -0.00539337 -0.954294 0.17822 0.982708 0.050252 0.93752 -0.18509 0.294615 
0.2157 -0.0196132 -0.976263 0.209288 0.977493 0.0266021 0.953768 -0.210058 0.21495 
0.364345 -0.00681655 -0.93124 0.187295 0.980078 0.0661054 0.912236 -0.198502 0.358363 
0.370763 -0.00695399 -0.928703 0.179944 0.981563 0.064489 0.911129 -0.191024 0.365178 
0.127311 -0.00746942 -0.991837 0.201581 0.979297 0.0184997 0.971163 -0.20229 0.12618 
