0.454912 -0.0210267 -0.890289 -0.249393 0.956712 -0.150028 0.854905 0.290281 0.429976 
0.560907 -0.0173426 -0.8277 -0.22977 0.957245 -0.175765 0.795359 0.288768 0.53294 
0.560879 -0.0201974 -0.827655 -0.227366 0.957509 -0.177446 0.796068 0.287705 0.532452 
0.560767 -0.0206867 -0.827719 -0.226182 0.957839 -0.177174 0.796484 0.286567 0.532444 
0.452127 -0.0214111 -0.891698 -0.249445 0.956788 -0.149453 0.856365 0.290001 0.427249 
0.45346 -0.0212808 -0.891024 -0.249536 0.956703 -0.149843 0.855634 0.29029 0.428517 
0.452071 -0.0217431 -0.891719 -0.248957 0.9569 -0.149545 0.856537 0.289605 0.427174 
0.451955 -0.0219871 -0.891772 -0.248781 0.956926 -0.149677 0.856649 0.289502 0.427017 
0.45223 -0.0225062 -0.891619 -0.248527 0.956909 -0.150207 0.856579 0.28952 0.42715 
0.452044 -0.021643 -0.891733 -0.249171 0.956846 -0.149535 0.856488 0.289791 0.427144 
0.45242 -0.0227103 -0.891518 -0.248266 0.956952 -0.150365 0.856553 0.289361 0.427305 
0.452466 -0.0228527 -0.891491 -0.248213 0.956943 -0.150508 0.856544 0.289379 0.427311 
0.452248 -0.0222693 -0.891617 -0.248596 0.956925 -0.149994 0.856549 0.289486 0.42723 
0.452143 -0.0220549 -0.891674 -0.248745 0.956917 -0.1498 0.85656 0.28953 0.427177 
0.452371 -0.0226443 -0.891545 -0.248323 0.956946 -0.150305 0.856562 0.289384 0.427271 
0.487528 -0.0206546 -0.872864 -0.242474 0.957193 -0.158081 0.838764 0.288716 0.46165 
0.466222 -0.0206507 -0.884427 -0.246514 0.957099 -0.152296 0.849629 0.289027 0.44113 
0.488038 -0.0206351 -0.87258 -0.241956 0.957345 -0.157967 0.838617 0.288219 0.462227 
0.486536 -0.0203838 -0.873425 -0.238395 0.958693 -0.15517 0.840507 0.283715 0.461578 
0.48733 -0.0205829 -0.872977 -0.237921 0.95877 -0.155423 0.840182 0.283442 0.462339 
0.455045 -0.0208624 -0.890225 -0.24938 0.956736 -0.149893 0.854836 0.290212 0.430154 
0.454885 -0.0206954 -0.89031 -0.249274 0.956809 -0.149602 0.854953 0.289983 0.430079 
0.454768 -0.0206514 -0.890371 -0.248943 0.956935 -0.149346 0.85511 0.28957 0.430042 
0.486934 -0.0204952 -0.8732 -0.237801 0.958849 -0.155114 0.840445 0.283178 0.462022 
0.487714 -0.0207022 -0.87276 -0.239908 0.958052 -0.15679 0.839394 0.28585 0.462288 
0.486259 -0.0204007 -0.873578 -0.238927 0.958527 -0.155378 0.840517 0.284275 0.461218 
0.540384 -0.0204974 -0.84117 -0.229488 0.958213 -0.170777 0.809521 0.285324 0.513099 
0.561037 -0.0150171 -0.827655 -0.231957 0.956929 -0.174598 0.794628 0.289937 0.53339 
0.561163 -0.0135836 -0.827595 -0.233595 0.956622 -0.174094 0.79406 0.291017 0.533648 
0.561569 -0.018385 -0.827227 -0.231725 0.956255 -0.178561 0.79432 0.291963 0.532741 
0.562226 -0.019799 -0.826749 -0.231442 0.956 -0.180285 0.793938 0.292705 0.532904 
0.56132 -0.0129185 -0.827499 -0.234912 0.956267 -0.174277 0.79356 0.292214 0.533736 
0.561589 -0.016061 -0.82726 -0.232524 0.956457 -0.176419 0.794073 0.291433 0.533402 
0.561681 -0.0188879 -0.82714 -0.233065 0.955642 -0.180088 0.793849 0.293928 0.532363 
0.562095 -0.0196098 -0.82684 -0.232333 0.955721 -0.180609 0.79377 0.293622 0.53265 
0.561942 -0.0192605 -0.826954 -0.233241 0.955474 -0.180749 0.793613 0.294449 0.532428 
0.573974 -0.0202341 -0.818623 -0.226108 0.956914 -0.182187 0.787038 0.289668 0.544669 
0.565746 -0.0202159 -0.824333 -0.229517 0.956333 -0.180973 0.791995 0.291583 0.536401 
0.578342 -0.0201442 -0.815546 -0.223657 0.957477 -0.182256 0.784537 0.287809 0.549243 
0.60906 -0.0137872 -0.793005 -0.218521 0.958235 -0.184492 0.762427 0.285654 0.580608 
0.608048 -0.0168188 -0.793723 -0.216483 0.958375 -0.186149 0.763815 0.285015 0.579097 
0.608173 -0.0188753 -0.793582 -0.216054 0.95804 -0.188363 0.763838 0.286013 0.578575 
0.622406 -0.0119643 -0.782604 -0.216689 0.958168 -0.186981 0.752102 0.28596 0.593777 
0.60778 -0.0186224 -0.793888 -0.215496 0.958344 -0.187458 0.764307 0.285013 0.578449 
0.58387 -0.0182231 -0.811643 -0.219816 0.958856 -0.179657 0.781522 0.283308 0.555842 
0.585743 -0.0202227 -0.810245 -0.220603 0.957969 -0.183388 0.779898 0.286161 0.556662 
0.63324 -0.0113985 -0.773873 -0.214806 0.958022 -0.189881 0.74355 0.286472 0.604208 
0.585465 -0.019781 -0.810455 -0.217792 0.959115 -0.18074 0.780896 0.282328 0.55722 
0.584901 -0.0194488 -0.810871 -0.217027 0.959509 -0.17956 0.781532 0.281006 0.556997 
0.583961 -0.0182393 -0.811577 -0.216494 0.960041 -0.177352 0.782381 0.279268 0.556677 
0.584265 -0.0185267 -0.811351 -0.216158 0.960074 -0.177581 0.782248 0.279134 0.556933 
0.584528 -0.0189767 -0.811152 -0.216472 0.959843 -0.178448 0.781964 0.279899 0.556947 
0.63389 -0.0113229 -0.773341 -0.215553 0.95769 -0.190705 0.74278 0.287582 0.604629 
0.634212 -0.0121379 -0.773066 -0.215127 0.957621 -0.191523 0.742628 0.287773 0.604722 
0.648952 -0.019346 -0.760584 -0.20362 0.958794 -0.198122 0.733076 0.283442 0.618272 
0.644115 -0.0220365 -0.764612 -0.203509 0.958623 -0.199066 0.73736 0.283827 0.612978 
0.6669 -0.017234 -0.744949 -0.201104 0.958473 -0.202208 0.717497 0.284664 0.635739 
0.677742 -0.0172487 -0.735098 -0.198183 0.958442 -0.205209 0.708089 0.284762 0.646158 
0.68977 -0.0171766 -0.723825 -0.194906 0.958409 -0.208479 0.697301 0.284881 0.657735 
0.701524 -0.0170743 -0.712443 -0.191372 0.95848 -0.21141 0.68647 0.284651 0.669128 
0.723726 -0.0162229 -0.689897 -0.185169 0.958496 -0.216788 0.664782 0.284642 0.690685 
0.712918 -0.016695 -0.701049 -0.188228 0.958474 -0.21424 0.675513 0.284693 0.680171 
0.733997 -0.0157101 -0.678971 -0.18213 0.95856 -0.219069 0.654277 0.284457 0.700719 
0.743064 -0.0146897 -0.66906 -0.179822 0.958608 -0.22076 0.644609 0.28435 0.709666 
0.752436 -0.013928 -0.658519 -0.177252 0.958614 -0.222806 0.634369 0.284371 0.718826 
0.659529 -0.0176311 -0.751473 -0.202537 0.958582 -0.200247 0.723879 0.28427 0.628642 
0.654243 -0.0176624 -0.756079 -0.203642 0.958689 -0.198609 0.728352 0.283907 0.623618 
0.761623 -0.0132071 -0.647885 -0.174622 0.958627 -0.224818 0.624049 0.284362 0.727806 
0.770774 -0.0126 -0.636984 -0.171938 0.958595 -0.227012 0.61347 0.284497 0.736694 
0.779893 -0.0121747 -0.625797 -0.169086 0.958541 -0.22937 0.602643 0.284697 0.7455 
0.634321 -0.0162409 -0.7729 -0.209988 0.95857 -0.19248 0.744005 0.284394 0.60463 
0.634448 -0.020496 -0.772694 -0.208446 0.958078 -0.196566 0.74433 0.285776 0.603578 
0.789009 -0.0120667 -0.614263 -0.166076 0.958398 -0.232148 0.59151 0.285181 0.75418 
0.634249 -0.023475 -0.772773 -0.207594 0.957662 -0.199473 0.744738 0.286939 0.602522 
0.634196 -0.0268881 -0.772706 -0.20483 0.957844 -0.201444 0.745548 0.286028 0.601953 
0.63413 -0.024998 -0.772823 -0.206442 0.957723 -0.200372 0.745158 0.286605 0.60216 
0.797937 -0.0123584 -0.602614 -0.162576 0.958322 -0.234924 0.580402 0.285425 0.762671 
0.804749 -0.0123503 -0.593487 -0.159472 0.958533 -0.236186 0.571794 0.284715 0.769409 
0.802742 -0.0127428 -0.596191 -0.158651 0.959177 -0.234117 0.574836 0.282522 0.767949 
0.802864 -0.0129763 -0.596021 -0.159564 0.958609 -0.23581 0.574411 0.284427 0.767563 
0.8028 -0.0129454 -0.596107 -0.160257 0.958291 -0.236635 0.574308 0.285501 0.767242 
0.802751 -0.0126623 -0.59618 -0.159996 0.958542 -0.235792 0.57445 0.284669 0.767445 
0.802539 -0.012447 -0.596471 -0.159584 0.958872 -0.234727 0.574861 0.283565 0.767547 
0.802471 -0.0121631 -0.596568 -0.157657 0.95994 -0.231644 0.575487 0.279941 0.768406 
0.802654 -0.0125312 -0.596314 -0.157813 0.959686 -0.232588 0.575189 0.280794 0.768318 
0.802594 -0.012121 -0.596404 -0.15962 0.958973 -0.234294 0.574775 0.28324 0.767731 
0.802589 -0.0123023 -0.596406 -0.158267 0.959566 -0.232775 0.575155 0.281214 0.76819 
0.802783 -0.0118575 -0.596155 -0.160232 0.958738 -0.234837 0.57434 0.284046 0.767757 
0.802945 -0.0125538 -0.595922 -0.151686 0.962559 -0.224659 0.57643 0.270781 0.770977 
0.803069 -0.0126581 -0.595752 -0.151438 0.962614 -0.22459 0.576322 0.270581 0.771129 
0.803332 -0.00969147 -0.595454 -0.153687 0.962625 -0.223008 0.57536 0.270663 0.771818 
0.803634 -0.00627427 -0.595093 -0.157176 0.962203 -0.2224 0.573995 0.272262 0.772272 
0.803328 -0.00731108 -0.595493 -0.156076 0.96239 -0.222365 0.574722 0.271574 0.771973 
0.80395 -0.00566525 -0.59467 -0.157739 0.962107 -0.222417 0.573396 0.272615 0.772593 
0.802546 -0.0118896 -0.596473 -0.15667 0.960511 -0.229943 0.575653 0.277989 0.768991 
0.802798 -0.0119909 -0.59613 -0.155931 0.96078 -0.229316 0.5755 0.277049 0.769444 
0.802953 -0.011907 -0.595924 -0.156103 0.960701 -0.229531 0.575238 0.277328 0.76954 
0.803271 -0.0119916 -0.595495 -0.155916 0.960699 -0.229663 0.574846 0.277329 0.769832 
0.803409 -0.0118983 -0.595309 -0.156897 0.960236 -0.230935 0.574384 0.278937 0.769596 
0.803681 -0.0120521 -0.594939 -0.157035 0.960058 -0.231581 0.573967 0.279543 0.769688 
0.804475 -0.00549631 -0.593962 -0.157976 0.961964 -0.222868 0.572596 0.273124 0.773007 
0.805078 -0.00601718 -0.593138 -0.15732 0.961973 -0.223293 0.571927 0.273081 0.773516 
0.803775 -0.0131635 -0.594789 -0.156289 0.95997 -0.232449 0.574039 0.279795 0.769541 
0.804864 -0.012902 -0.59332 -0.155358 0.960318 -0.231633 0.572764 0.27861 0.770921 
0.804744 -0.0132576 -0.593475 -0.154342 0.960696 -0.230746 0.573207 0.277289 0.771067 
0.804568 -0.0129382 -0.593719 -0.154605 0.960725 -0.230447 0.573382 0.277202 0.770969 
0.804564 -0.012852 -0.593728 -0.154508 0.960806 -0.230172 0.573416 0.276924 0.771044 
0.803857 -0.0136926 -0.594666 -0.155944 0.959916 -0.232904 0.574018 0.279955 0.769499 
0.804381 -0.0128367 -0.593977 -0.154766 0.960721 -0.230352 0.573602 0.277218 0.770799 
0.804254 -0.0136351 -0.59413 -0.154853 0.960393 -0.23166 0.573757 0.278317 0.770288 
0.804057 -0.013576 -0.594398 -0.155866 0.959961 -0.23277 0.573758 0.279807 0.769747 
0.879697 -0.00714869 -0.475481 -0.122405 0.962791 -0.24094 0.459512 0.270155 0.846088 
0.885845 -0.0101917 -0.46387 -0.114764 0.963881 -0.24034 0.449564 0.26614 0.852679 
0.899156 -0.0120437 -0.437463 -0.105491 0.96418 -0.243369 0.424724 0.264975 0.865678 
0.899207 -0.0127239 -0.437339 -0.105219 0.963953 -0.244386 0.424684 0.265769 0.865454 
0.899638 -0.0132113 -0.436436 -0.10497 0.963684 -0.245549 0.42383 0.266718 0.865581 
0.955276 -0.0145412 -0.295359 -0.0647615 0.964259 -0.25693 0.288539 0.264567 0.92019 
0.957574 -0.0147334 -0.287812 -0.0624216 0.96438 -0.257049 0.281347 0.264109 0.922547 
0.961768 -0.0120449 -0.273605 -0.0586125 0.966832 -0.248596 0.267524 0.255129 0.929161 
0.961902 -0.0122711 -0.273119 -0.0595021 0.965649 -0.252948 0.266841 0.259562 0.928129 
0.962048 -0.0124721 -0.272594 -0.05933 0.965498 -0.253565 0.266351 0.260115 0.928115 
0.962141 -0.012789 -0.272253 -0.0591059 0.965337 -0.254227 0.266066 0.260694 0.928034 
0.962744 -0.0149543 -0.270002 -0.0570759 0.964739 -0.256949 0.264325 0.262786 0.927942 
0.974617 -0.0135504 -0.223473 -0.045711 0.965096 -0.257876 0.219168 0.261545 0.939979 
0.974143 -0.0136863 -0.225522 -0.0460768 0.965153 -0.257601 0.221189 0.261331 0.939564 
0.962674 -0.0147231 -0.270263 -0.0558152 0.96626 -0.251452 0.264847 0.257151 0.929371 
0.981975 -0.0140083 -0.188494 -0.0358856 0.965294 -0.258688 0.185576 0.260789 0.947391 
0.999807 -0.00994697 -0.0169809 0.00521937 0.96599 -0.258529 0.0189751 0.25839 0.965855 
0.999812 -0.00793018 -0.0177039 0.00307998 0.965946 -0.258724 0.0191524 0.258621 0.965789 
0.999771 -0.0131971 -0.0168647 0.0083844 0.965898 -0.258791 0.0197049 0.25859 0.965787 
0.999817 -0.00687197 -0.0178516 0.00201811 0.965931 -0.258795 0.0190219 0.258711 0.965768 
0.999737 -0.0155363 -0.0168383 0.0106453 0.965802 -0.259065 0.0202876 0.258818 0.965714 
0.99973 -0.0160475 -0.0168027 0.0111492 0.965803 -0.25904 0.0203845 0.258782 0.965721 
0.999833 -0.00635244 -0.0171618 0.00169767 0.965965 -0.258666 0.0182206 0.258593 0.965814 
0.999978 -0.00658754 1.55645e-006 0.00636456 0.966096 -0.25811 0.00169838 0.258104 0.966116 
0.961873 -0.0121123 -0.273233 -0.058148 0.967123 -0.247573 0.267248 0.254021 0.929544 
0.961893 -0.0123411 -0.27315 -0.0577243 0.967301 -0.246979 0.267266 0.253334 0.929726 
0.961975 -0.0124761 -0.272853 -0.057179 0.967624 -0.245836 0.267086 0.252089 0.930116 
0.962515 -0.014038 -0.270867 -0.0561035 0.966757 -0.249465 0.265365 0.25531 0.929731 
0.962105 -0.0128627 -0.272381 -0.0568741 0.967453 -0.246578 0.266687 0.252724 0.930058 
0.962168 -0.0128983 -0.272155 -0.0572682 0.966991 -0.248293 0.266373 0.254485 0.929668 
0.962266 -0.012871 -0.271809 -0.056799 0.967378 -0.246889 0.26612 0.253011 0.930143 
0.962363 -0.0135435 -0.271432 -0.0565361 0.96693 -0.248696 0.265824 0.254682 0.929771 
0.997354 -0.00831525 0.0722114 0.0265422 0.966498 -0.255299 -0.0676696 0.256541 0.964162 
0.98849 -0.0102639 0.15094 0.048346 0.966813 -0.250869 -0.143356 0.255279 0.956181 
0.972812 -0.01237 0.231264 0.0706303 0.966848 -0.245392 -0.220561 0.255055 0.941435 
0.951882 -0.0141771 0.306138 0.0909243 0.967018 -0.237932 -0.292667 0.254318 0.921775 
0.918694 -0.0138937 -0.394726 -0.093234 0.963511 -0.250908 0.38381 0.267309 0.883876 
0.924574 -0.0161483 0.380662 0.110836 0.967291 -0.228171 -0.364526 0.253152 0.896122 
0.903858 -0.0175659 0.427472 0.123319 0.967448 -0.220993 -0.409675 0.252462 0.876602 
0.888562 -0.0183189 0.458391 0.131228 0.9676 -0.215708 -0.439587 0.251824 0.862176 
0.867603 -0.0183585 0.496918 0.13962 0.968112 -0.208005 -0.477254 0.249845 0.8425 
0.867852 -0.0180488 0.496495 0.138285 0.968625 -0.206505 -0.47719 0.247874 0.843119 
0.874332 -0.0186072 0.484972 0.137575 0.967779 -0.210895 -0.465422 0.251112 0.84872 
0.868399 -0.0169112 0.495579 0.135992 0.969221 -0.205224 -0.476855 0.245611 0.84397 
0.868769 -0.015597 0.494973 0.134718 0.969253 -0.205913 -0.476542 0.245573 0.844158 
0.868057 -0.0192731 0.496089 0.136971 0.969761 -0.201996 -0.477195 0.243294 0.844448 
0.868979 -0.0139801 0.494651 0.133212 0.969309 -0.206625 -0.476581 0.245446 0.844172 
0.869494 -0.0117772 0.493803 0.130812 0.969511 -0.207212 -0.476307 0.244765 0.844525 
0.870089 -0.0113358 0.492767 0.129017 0.970118 -0.20549 -0.475712 0.24237 0.845551 
0.869743 -0.0107761 0.493389 0.129619 0.96965 -0.207313 -0.47618 0.244261 0.844742 
0.87028 -0.0133409 0.492377 0.130444 0.970184 -0.204273 -0.474972 0.242002 0.846072 
0.87022 -0.0129262 0.492493 0.128988 0.970763 -0.202439 -0.475477 0.239692 0.846445 
0.870887 -0.0148405 0.49126 0.129283 0.971261 -0.199847 -0.474176 0.237555 0.847777 
0.870534 -0.0143743 0.491899 0.129972 0.970796 -0.201647 -0.474635 0.239474 0.846979 
0.87103 -0.0149121 0.491006 0.130151 0.970824 -0.201399 -0.473677 0.239329 0.847557 
0.871394 -0.0151073 0.490351 0.130567 0.970617 -0.202123 -0.47289 0.240152 0.847763 
0.834936 -0.0171627 0.55008 0.144161 0.971434 -0.188506 -0.531131 0.23669 0.813559 
0.834615 -0.0171409 0.550567 0.14374 0.971662 -0.187648 -0.531749 0.235752 0.813428 
0.835176 -0.0171665 0.549715 0.144536 0.971231 -0.189262 -0.530651 0.237521 0.81363 
0.83298 -0.0175315 0.553027 0.146679 0.970734 -0.190157 -0.533509 0.239514 0.811174 
0.833589 -0.0175079 0.552107 0.146855 0.970552 -0.190949 -0.532506 0.240253 0.811614 
0.832741 -0.0173279 0.553392 0.146442 0.970808 -0.189967 -0.533946 0.239233 0.810969 
0.832435 -0.0172402 0.553855 0.146393 0.970847 -0.189806 -0.534436 0.239082 0.810691 
0.832053 -0.0175224 0.554421 0.146824 0.970808 -0.189665 -0.534913 0.239214 0.810336 
0.831624 -0.0177897 0.555054 0.147336 0.970736 -0.189638 -0.535438 0.239486 0.809909 
0.83326 -0.0174326 0.552607 0.146853 0.970579 -0.190817 -0.533022 0.240152 0.811305 
0.834251 -0.01727 0.551114 0.14391 0.971686 -0.187396 -0.532273 0.235646 0.813115 
0.833777 -0.0176255 0.55182 0.14615 0.970881 -0.189816 -0.532406 0.238913 0.812075 
0.831491 -0.0179288 0.555249 0.147389 0.970781 -0.189371 -0.53563 0.239298 0.809838 
0.835419 -0.0171323 0.549347 0.144891 0.971022 -0.19006 -0.530172 0.238375 0.813693 
0.835673 -0.0172214 0.548958 0.145347 0.970808 -0.190805 -0.529647 0.23924 0.81378 
0.835842 -0.0172914 0.548698 0.145926 0.970543 -0.191706 -0.529221 0.240305 0.813744 
0.836083 -0.0173935 0.548329 0.146509 0.970276 -0.192616 -0.528679 0.241378 0.813778 
0.836332 -0.0174694 0.547945 0.1472 0.969945 -0.193749 -0.528092 0.242696 0.813768 
0.871115 -0.0152261 0.490842 0.13061 0.970703 -0.201688 -0.473391 0.239803 0.847583 
0.834284 -0.0178145 0.551046 0.152045 0.968154 -0.198896 -0.529955 0.249719 0.810425 
0.834905 -0.0180073 0.550099 0.152364 0.967967 -0.199563 -0.528884 0.250431 0.810904 
0.836334 -0.0181285 0.547921 0.150703 0.968551 -0.197984 -0.527101 0.248154 0.812764 
0.836368 -0.0182086 0.547866 0.151048 0.968411 -0.198404 -0.526947 0.248693 0.812699 
0.836051 -0.0180723 0.548355 0.152625 0.967668 -0.200809 -0.526996 0.25158 0.811777 
0.836019 -0.0183013 0.548396 0.153424 0.967376 -0.201608 -0.526815 0.252685 0.811551 
0.836318 -0.0182897 0.54794 0.151762 0.968112 -0.199318 -0.526821 0.249849 0.812425 
0.836161 -0.0182283 0.548181 0.152622 0.967707 -0.200622 -0.526822 0.251416 0.811942 
0.836099 -0.0182548 0.548274 0.153131 0.967484 -0.201307 -0.526772 0.25227 0.811709 
0.836428 -0.0179335 0.547784 0.149749 0.968912 -0.196936 -0.527223 0.246753 0.813111 
0.842483 -0.0235577 0.538208 0.0386943 0.99911 -0.0168387 -0.537331 0.0350119 0.842644 
0.842506 -0.0233732 0.53818 0.0408151 0.998956 -0.0205102 -0.537139 0.0392458 0.84258 
0.842462 -0.0235967 0.538239 0.0370578 0.999213 -0.0141977 -0.53748 0.0319071 0.842673 
0.843019 -0.0232757 0.53738 0.0272586 0.999628 0.000535249 -0.537192 0.014197 0.84334 
0.842456 -0.0237794 0.53824 0.0359234 0.999282 -0.0120797 -0.537566 0.029512 0.842705 
0.843206 -0.0224788 0.537121 0.00715847 0.999506 0.0305915 -0.537544 -0.02195 0.84295 
0.843034 -0.0229287 0.537372 0.0165293 0.999724 0.0167253 -0.537607 -0.00521764 0.84318 
0.836104 -0.0165449 0.548322 0.202774 0.938074 -0.280893 -0.509719 0.346041 0.787682 
0.836124 -0.0165625 0.54829 0.206338 0.935629 -0.286396 -0.508253 0.352596 0.78572 
0.836085 -0.0163028 0.548359 0.209735 0.933125 -0.292042 -0.506926 0.359182 0.783591 
0.836075 -0.0161219 0.548378 0.213068 0.930645 -0.297491 -0.505549 0.365567 0.781525 
0.836039 -0.015793 0.548443 0.216155 0.928227 -0.302774 -0.504298 0.37168 0.779447 
0.836013 -0.0156006 0.548488 0.219155 0.925899 -0.307703 -0.503045 0.377448 0.777483 
0.836004 -0.0152319 0.548512 0.221971 0.923563 -0.312667 -0.501823 0.383145 0.775483 
0.835036 -0.016327 0.549952 0.23355 0.915554 -0.327437 -0.498165 0.401863 0.768334 
0.835078 -0.0160998 0.549897 0.237513 0.912165 -0.333982 -0.496219 0.409508 0.765552 
0.835193 -0.0166662 0.549704 0.229019 0.919289 -0.320089 -0.500003 0.393229 0.771601 
0.835985 -0.0149884 0.548548 0.224501 0.921486 -0.31696 -0.500729 0.388124 0.773712 
0.835829 -0.0172823 0.548717 0.220609 0.925827 -0.306881 -0.502713 0.377553 0.777646 
0.835928 -0.0149107 0.548638 0.226904 0.919591 -0.320728 -0.49974 0.392593 0.772095 
0.835957 -0.0147474 0.548598 0.228719 0.918048 -0.323845 -0.498863 0.396195 0.770821 
0.677668 -0.0240782 0.734973 0.178115 0.975078 -0.132283 -0.713472 0.220554 0.665067 
0.677693 -0.02478 0.734926 0.176877 0.975582 -0.130208 -0.713755 0.218232 0.665529 
0.677631 -0.0228207 0.735048 0.180297 0.974169 -0.135969 -0.712958 0.224663 0.664242 
0.677598 -0.0251185 0.735004 0.175759 0.975987 -0.128678 -0.714122 0.216375 0.665741 
0.677495 -0.0221902 0.735193 0.181122 0.973799 -0.137515 -0.712879 0.226325 0.663762 
0.676887 -0.0216676 0.735768 0.181854 0.973504 -0.138632 -0.713269 0.227641 0.662893 
0.677432 -0.0233823 0.735214 0.179154 0.974642 -0.134077 -0.713435 0.222544 0.664442 
0.61878 -0.0201805 0.785305 0.191184 0.973481 -0.125627 -0.761945 0.227874 0.606229 
0.586771 -0.0200707 0.809504 0.196784 0.973258 -0.118509 -0.785478 0.228835 0.57503 
0.668663 -0.0185866 0.743333 0.333522 0.900979 -0.27749 -0.66457 0.433466 0.60865 
0.66835 -0.0184342 0.74362 0.333581 0.90096 -0.277481 -0.664856 0.433511 0.608305 
0.66871 -0.0188152 0.743285 0.343404 0.894484 -0.286307 -0.65947 0.446703 0.604612 
0.668306 -0.0180874 0.743667 0.326873 0.90516 -0.271733 -0.668223 0.424685 0.610836 
0.668162 -0.017605 0.743808 0.326414 0.905309 -0.27179 -0.668591 0.424389 0.610639 
0.668109 -0.0169912 0.74387 0.325259 0.905829 -0.271441 -0.669207 0.423302 0.610719 
0.668106 -0.0161762 0.74389 0.324303 0.906136 -0.27156 -0.669673 0.422677 0.610641 
0.672703 -0.0228908 0.739559 0.298094 0.923201 -0.242571 -0.677208 0.383636 0.627863 
0.798858 -0.0144013 0.601349 0.251775 0.915933 -0.312534 -0.546293 0.401074 0.735325 
0.80049 -0.0137873 0.599187 0.248898 0.917098 -0.311416 -0.54522 0.398422 0.73756 
0.835135 -0.0166717 0.549793 0.225448 0.922099 -0.314494 -0.501721 0.386594 0.773835 
0.668177 -0.0155394 0.74384 0.323306 0.906516 -0.271482 -0.670084 0.421886 0.610737 
0.513934 -0.0188026 0.857623 0.205335 0.973393 -0.101707 -0.832892 0.228371 0.504121 
0.66814 -0.0149283 0.743886 0.319756 0.908523 -0.268965 -0.671822 0.417568 0.611794 
0.667546 -0.0146242 0.744425 0.318822 0.909126 -0.268036 -0.672856 0.416266 0.611545 
0.667161 -0.0141946 0.744779 0.318185 0.90945 -0.267692 -0.673539 0.41557 0.611266 
0.6668 -0.013719 0.74511 0.317421 0.90983 -0.267308 -0.674256 0.414755 0.611029 
0.666365 -0.0136809 0.7455 0.316755 0.91032 -0.266426 -0.675 0.413678 0.610939 
0.665874 -0.0134753 0.745942 0.315957 0.910842 -0.265588 -0.675857 0.412534 0.610764 
0.665363 -0.013474 0.746398 0.31636 0.910707 -0.265574 -0.676172 0.412834 0.610213 
0.664991 -0.0133112 0.746733 0.317008 0.910334 -0.266079 -0.676235 0.41366 0.609584 
0.664708 -0.0123971 0.747 0.316181 0.910575 -0.266237 -0.6769 0.413157 0.609187 
0.664431 -0.0128292 0.74724 0.314702 0.911688 -0.264174 -0.677861 0.410684 0.60979 
0.708722 -0.013104 0.705367 0.292774 0.91513 -0.277165 -0.64187 0.402946 0.652409 
0.664707 -0.0125849 0.746998 0.312675 0.912767 -0.262853 -0.678527 0.408288 0.610657 
0.683238 -0.0126636 0.730086 0.304362 0.913791 -0.268981 -0.66374 0.405989 0.62819 
0.399637 -0.0182876 0.916491 0.216548 0.973386 -0.0750033 -0.890728 0.228439 0.392961 
0.399491 -0.0189135 0.916542 0.217214 0.97327 -0.0745928 -0.890632 0.228885 0.392921 
0.39943 -0.0193346 0.91656 0.217725 0.973174 -0.0743538 -0.890534 0.229256 0.392924 
0.399622 -0.0200788 0.91646 0.217955 0.973171 -0.0737178 -0.890392 0.229206 0.393276 
0.3899 -0.020521 0.920628 0.217684 0.97347 -0.0704941 -0.894757 0.227892 0.384024 
0.32745 -0.0208159 0.944639 0.220782 0.973767 -0.0550741 -0.918712 0.226593 0.323456 
0.320416 -0.0212252 0.947039 0.219199 0.974276 -0.0523273 -0.921567 0.224357 0.316827 
0.278372 -0.0230157 0.960198 0.217134 0.97534 -0.0395709 -0.935607 0.219506 0.276505 
0.280569 -0.0221935 0.959577 0.219642 0.97469 -0.0416781 -0.934365 0.222457 0.278343 
0.279165 -0.0230651 0.959966 0.215398 0.97574 -0.0391951 -0.935773 0.217717 0.27736 
0.279989 -0.023914 0.959706 0.217131 0.975362 -0.0390426 -0.935126 0.219313 0.278282 
0.279772 -0.023403 0.959781 0.215349 0.975759 -0.0389809 -0.935603 0.217594 0.27803 
0.280382 -0.0249685 0.959564 0.216446 0.97556 -0.0378602 -0.935167 0.218309 0.278933 
0.281211 -0.0258509 0.959298 0.214055 0.976141 -0.0364437 -0.935468 0.215591 0.280036 
0.281986 -0.0262018 0.959061 0.208772 0.977349 -0.0346825 -0.936428 0.210005 0.281069 
0.265583 -0.0244445 0.963778 0.20706 0.977796 -0.0322584 -0.94159 0.208127 0.264748 
0.282561 -0.0247035 0.958931 0.207752 0.977518 -0.0360346 -0.936482 0.209402 0.281341 
0.245316 -0.0267517 0.969074 0.206335 0.978157 -0.0252304 -0.947231 0.206143 0.245477 
0.0427904 -0.0266497 0.998728 0.20595 0.978409 0.0172836 -0.977626 0.204948 0.0473553 
0.0439815 -0.0258269 0.998698 0.205729 0.978474 0.0162438 -0.97762 0.204747 0.0483481 
0.0414994 -0.0276798 0.998755 0.206412 0.978289 0.018536 -0.977585 0.205386 0.0463118 
0.0409554 -0.0302019 0.998704 0.206725 0.978172 0.0211036 -0.977542 0.205592 0.0463051 
0.0169937 -0.0253565 0.999534 0.204896 0.978551 0.0213406 -0.978636 0.204438 0.0218246 
0.0152802 -0.0255351 0.999557 0.205354 0.978444 0.0218564 -0.978569 0.204929 0.0201946 
0.0103828 -0.0259879 0.999608 0.205319 0.978418 0.0233044 -0.97864 0.204997 0.0154945 
0.862765 -0.00678444 -0.505559 -0.131594 0.962436 -0.237488 0.48818 0.271425 0.829463 
-0.100743 -0.0289021 0.994493 0.201533 0.978263 0.048846 -0.974287 0.205344 -0.0927287 
0.843949 -0.0258023 0.535803 0.0315854 0.9995 -0.00161833 -0.535494 0.0182893 0.844342 
0.711651 -0.0120564 0.70243 0.289479 0.91606 -0.277555 -0.640122 0.400861 0.655404 
0.995156 -0.0154972 -0.0970789 -0.0102549 0.965745 -0.25929 0.0977716 0.25903 0.960908 
0.0990147 -0.0277204 0.9947 0.207103 0.978297 0.00664762 -0.973296 0.205347 0.102607 
0.840517 -0.0195085 0.541434 0.0735493 0.994209 -0.0783549 -0.53677 0.105681 0.837084 
-0.288723 -0.0403793 0.956561 0.182189 0.978536 0.0962981 -0.939918 0.202079 -0.27517 
-0.288795 -0.0391774 0.956589 0.180252 0.979069 0.0945162 -0.94027 0.199723 -0.275688 
-0.169904 -0.0302615 0.984996 0.195791 0.978566 0.0638363 -0.965815 0.203699 -0.160337 
