0.969715 -0.0476943 -0.239545 -0.00129737 0.979732 -0.200321 0.244244 0.194564 0.949998 
0.970434 -0.0457948 -0.236995 -0.00245935 0.979914 -0.199421 0.241366 0.194107 0.950826 
0.969932 -0.0472768 -0.238756 -0.00158834 0.979705 -0.200447 0.243386 0.194798 0.95017 
0.970136 -0.0466404 -0.23805 -0.00204807 0.979735 -0.200302 0.242567 0.194807 0.950376 
0.970319 -0.0460875 -0.237411 -0.00236874 0.979819 -0.199888 0.241832 0.194517 0.950624 
0.969444 -0.048542 -0.240471 -0.000634067 0.979732 -0.200327 0.24532 0.194358 0.949761 
0.969188 -0.0493929 -0.241334 0.000109004 0.97978 -0.20009 0.246336 0.193898 0.949593 
0.968928 -0.0503001 -0.242186 0.00096891 0.979872 -0.199634 0.247352 0.193196 0.94947 
0.968628 -0.0513102 -0.243164 0.00186306 0.979929 -0.199354 0.248512 0.192646 0.949279 
0.968296 -0.0525945 -0.244218 0.00301044 0.979974 -0.199109 0.249799 0.192061 0.949059 
0.968006 -0.0541792 -0.245018 0.00446425 0.97998 -0.199059 0.250897 0.191596 0.948865 
0.967708 -0.0561885 -0.245744 0.00635774 0.979973 -0.199031 0.252005 0.191041 0.948683 
0.967436 -0.0567904 -0.246672 0.00682455 0.980006 -0.198858 0.253032 0.190698 0.948478 
0.967228 -0.0571443 -0.247396 0.00726259 0.980173 -0.198009 0.253807 0.189723 0.948467 
0.96708 -0.056858 -0.248043 0.00724615 0.980478 -0.1965 0.254373 0.188234 0.948612 
0.967005 -0.0561298 -0.2485 0.00658202 0.980606 -0.195881 0.254675 0.187782 0.948621 
0.966898 -0.0550647 -0.249157 0.00559079 0.980776 -0.19506 0.255108 0.187209 0.948617 
0.966855 -0.0540319 -0.249547 0.00462086 0.980896 -0.19448 0.255288 0.186881 0.948634 
0.966774 -0.0526601 -0.250154 0.00334142 0.981073 -0.193613 0.255615 0.186344 0.948651 
0.9667 -0.0514778 -0.250684 0.0022275 0.981217 -0.192902 0.255905 0.18592 0.948656 
0.966633 -0.0500247 -0.251236 0.000770216 0.981311 -0.19243 0.256166 0.185815 0.948606 
0.966518 -0.0484854 -0.251981 -0.000870312 0.981362 -0.192168 0.256602 0.185953 0.948461 
0.966421 -0.0469803 -0.252636 -0.00249978 0.981382 -0.192061 0.256955 0.186243 0.948309 
0.966431 -0.0451569 -0.252931 -0.00445579 0.981342 -0.192229 0.256892 0.186902 0.948196 
0.966351 -0.0437331 -0.253487 -0.00613788 0.981241 -0.192689 0.257158 0.187761 0.947955 
0.966447 -0.0431403 -0.253223 -0.00707999 0.980951 -0.194141 0.256774 0.189419 0.947729 
0.966374 -0.0429152 -0.25354 -0.00772818 0.980684 -0.195451 0.25703 0.190838 0.947375 
0.966134 -0.0432637 -0.254394 -0.00766416 0.980601 -0.195874 0.257933 0.19119 0.947059 
0.965952 -0.0435438 -0.255034 -0.00766635 0.980485 -0.196442 0.258611 0.191709 0.946768 
0.96575 -0.0438854 -0.255742 -0.00758438 0.980401 -0.196878 0.259369 0.192074 0.946487 
0.96549 -0.0441406 -0.256675 -0.00757823 0.980356 -0.197098 0.260333 0.192241 0.946189 
0.965239 -0.0444976 -0.257562 -0.00744171 0.980326 -0.197254 0.261272 0.192313 0.945915 
0.965041 -0.0448045 -0.258253 -0.00742448 0.980215 -0.197802 0.262005 0.192804 0.945612 
0.96484 -0.0455324 -0.258868 -0.00699221 0.980088 -0.198449 0.262749 0.193281 0.945309 
0.964405 -0.046112 -0.260381 -0.00682348 0.980012 -0.198828 0.264345 0.193527 0.944813 
0.96446 -0.0456638 -0.260255 -0.00716693 0.980072 -0.198521 0.264134 0.193331 0.944912 
0.967207 -0.0456698 -0.249854 -0.0049799 0.980104 -0.198426 0.253945 0.193164 0.947736 
0.968232 -0.0463441 -0.245726 -0.00349734 0.980071 -0.198623 0.250033 0.193172 0.948772 
0.967874 -0.0469441 -0.247025 -0.00309903 0.980117 -0.198402 0.251427 0.192793 0.948483 
0.967555 -0.0478211 -0.248103 -0.00232677 0.9802 -0.198004 0.252659 0.192157 0.948283 
0.967131 -0.0490522 -0.249508 -0.00129016 0.98026 -0.197716 0.254281 0.191538 0.947975 
0.966685 -0.0499416 -0.251056 -0.000577575 0.980356 -0.197242 0.255975 0.190815 0.947665 
0.9663 -0.0509268 -0.252336 0.000187373 0.980375 -0.197143 0.257424 0.190452 0.947345 
0.973285 -0.0530254 -0.2234 0.0081151 0.980306 -0.197327 0.229463 0.190242 0.954545 
0.990273 -0.0559068 -0.127417 0.0300642 0.98007 -0.19637 0.135856 0.190629 0.972216 
0.995405 -0.0570355 -0.0769054 0.0410494 0.979869 -0.195389 0.0865014 0.191334 0.977706 
0.996659 -0.0577363 -0.0577791 0.0454533 0.979754 -0.194983 0.0678669 0.191705 0.979103 
0.997569 -0.0581438 -0.0384256 0.0496145 0.979676 -0.194357 0.0489448 0.191978 0.980178 
0.998094 -0.0586678 -0.01915 0.0538611 0.979569 -0.193771 0.0301267 0.19237 0.98086 
0.99826 -0.0589754 -4.48107e-005 0.0578558 0.979455 -0.193189 0.0114374 0.192849 0.981162 
0.998042 -0.0595932 0.0190069 0.0621402 0.979373 -0.192274 -0.0071562 0.193079 0.981158 
0.99518 -0.0610477 0.0767431 0.0747043 0.978935 -0.190017 -0.0635269 0.194834 0.978777 
0.991383 -0.0617994 0.115501 0.0829703 0.978546 -0.188586 -0.101368 0.196544 0.975242 
0.989014 -0.0620545 0.134172 0.0868638 0.978359 -0.187804 -0.119614 0.197395 0.973 
0.993465 -0.0615638 0.0961063 0.0789624 0.978742 -0.189283 -0.0824103 0.195635 0.977208 
0.98664 -0.0622681 0.150551 0.0902572 0.978223 -0.18691 -0.135633 0.198 0.970773 
0.996525 -0.0604252 0.0573458 0.070361 0.979051 -0.191072 -0.0445988 0.194443 0.9799 
0.997463 -0.059981 0.0383266 0.0662553 0.979174 -0.191916 -0.0260171 0.193968 0.980663 
0.984329 -0.0625685 0.164872 0.0933086 0.978132 -0.185877 -0.149637 0.198348 0.968642 
0.981939 -0.0631601 0.178347 0.0964596 0.978046 -0.184717 -0.162765 0.198585 0.966474 
0.979553 -0.0634972 0.190904 0.0992108 0.977947 -0.183785 -0.175024 0.198967 0.964251 
0.977181 -0.0637697 0.202609 0.101755 0.977834 -0.182997 -0.186448 0.199437 0.96201 
0.974796 -0.0643258 0.213627 0.104351 0.977795 -0.181734 -0.197193 0.199446 0.959862 
0.969735 -0.064666 0.235444 0.108825 0.977685 -0.179698 -0.21857 0.199882 0.955132 
0.973637 -0.06469 0.21874 0.105695 0.97773 -0.181308 -0.202139 0.199648 0.958792 
0.968186 -0.065147 0.241606 0.110301 0.977764 -0.178361 -0.224614 0.199336 0.953842 
0.966357 -0.0653097 0.248776 0.111781 0.977748 -0.177523 -0.231647 0.199359 0.952154 
0.966467 -0.0653173 0.248346 0.111671 0.97778 -0.177416 -0.23124 0.1992 0.952286 
0.993269 -0.0566419 -0.101033 0.0359609 0.979972 -0.195864 0.110103 0.190912 0.975413 
0.986228 -0.0554099 -0.155833 0.0239907 0.980172 -0.196692 0.163641 0.190244 0.968003 
0.980897 -0.0548051 -0.186647 0.0173536 0.98032 -0.196651 0.193751 0.189656 0.962545 
0.952588 -0.0670712 0.296776 0.122418 0.977456 -0.17203 -0.278548 0.200204 0.939323 
0.951359 -0.0668584 0.300745 0.122864 0.977519 -0.171348 -0.282528 0.199964 0.938186 
0.960704 -0.0663934 0.269517 0.116644 0.977644 -0.174948 -0.251876 0.19951 0.946971 
0.946379 -0.0675748 0.315912 0.126128 0.977558 -0.168739 -0.29742 0.199536 0.933663 
0.943128 -0.0678245 0.325437 0.127922 0.977628 -0.166974 -0.306831 0.199108 0.930704 
0.943302 -0.0677482 0.324948 0.127618 0.977728 -0.166622 -0.306423 0.198644 0.930938 
0.970571 -0.0452992 -0.236514 -0.00272942 0.980016 -0.198901 0.240798 0.193693 0.951052 
0.939177 -0.0676015 0.336719 0.129288 0.977905 -0.164279 -0.318173 0.19782 0.927164 
0.924991 -0.0687434 0.373718 0.137106 0.977627 -0.159524 -0.354391 0.198797 0.913721 
0.915019 -0.0695298 0.397373 0.142639 0.977168 -0.157472 -0.37735 0.20077 0.904045 
0.909944 -0.0705999 0.408679 0.145788 0.976966 -0.155833 -0.388263 0.201379 0.899277 
0.903932 -0.0702164 0.421871 0.148283 0.976697 -0.15516 -0.401145 0.202811 0.893281 
0.891607 -0.0713284 0.447158 0.154412 0.976219 -0.152166 -0.42567 0.204719 0.881417 
0.898039 -0.0706882 0.4342 0.151085 0.976531 -0.153503 -0.413159 0.203452 0.887641 
0.884127 -0.0713494 0.461767 0.157121 0.97612 -0.150009 -0.440037 0.20518 0.874224 
0.878473 -0.0707478 0.472525 0.158752 0.97601 -0.149005 -0.450648 0.205912 0.86863 
0.865747 -0.0691112 0.495687 0.161958 0.975816 -0.146815 -0.473553 0.207385 0.856002 
0.858438 -0.0671277 0.508506 0.162752 0.975815 -0.145934 -0.486412 0.208035 0.848602 
0.858935 -0.0662904 0.507776 0.161537 0.976033 -0.145828 -0.48594 0.207282 0.849057 
0.857704 -0.0651464 0.510001 0.160795 0.97617 -0.145726 -0.488354 0.206996 0.84774 
0.85786 -0.0685315 0.509293 0.164028 0.975742 -0.144993 -0.487002 0.207922 0.848291 
0.856862 -0.0685816 0.510963 0.164222 0.975793 -0.144422 -0.48869 0.207661 0.847384 
0.856207 -0.0705194 0.511799 0.166141 0.975602 -0.143517 -0.489192 0.207911 0.847033 
0.855356 -0.0705118 0.513219 0.165941 0.975786 -0.1425 -0.490744 0.207052 0.846345 
0.854276 -0.0697455 0.515121 0.165878 0.975726 -0.142982 -0.492644 0.207594 0.845108 
0.855289 -0.0703002 0.513361 0.166138 0.975651 -0.143189 -0.490795 0.207757 0.846143 
0.857223 -0.0707052 0.510068 0.166057 0.975569 -0.143844 -0.487436 0.208007 0.848021 
0.970692 -0.0450336 -0.236071 -0.00279786 0.980103 -0.198472 0.240312 0.193316 0.951252 
0.97081 -0.0446615 -0.235656 -0.00293167 0.980228 -0.19785 0.239833 0.192765 0.951484 
0.970902 -0.0445398 -0.235298 -0.00279985 0.980374 -0.197129 0.23946 0.192052 0.951722 
0.970979 -0.0442373 -0.235038 -0.00291475 0.980483 -0.196581 0.239148 0.191561 0.9519 
0.971028 -0.0444488 -0.234796 -0.00253723 0.980576 -0.196124 0.238953 0.191037 0.952054 
0.970997 -0.0478948 -0.234247 0.00102209 0.980553 -0.19625 0.239091 0.190319 0.952163 
0.9709 -0.052412 -0.233682 0.00568981 0.980531 -0.196282 0.23942 0.18924 0.952295 
