# Camera parameter file. 

# The format of each camera is as follows:
# Filename (of the undistorted image in visualize folder)
# Original filename
# Focal Length (of the undistorted image)
# 2-vec Principal Point (image center)
# 3-vec Translation T (as in P = K[R T])
# 3-vec Camera Position C (as in P = K[R -RC])
# 3-vec Axis Angle format of R
# 4-vec Quaternion format of R
# 3x3 Matrix format of R
# [Normalized radial distortion] = [radial distortion] * [focal length]^2
# 3-vec Lat/Lng/Alt from EXIF

# The nubmer of cameras in this reconstruction
287

00000000.jpg
E:\zhaochen\VisualSFM_windows_64bit\library\mao\120.jpg
1025.24255371
640 360
0.597681462765 1.31140124798 -4.29706764221
3.72874736786 0.00529217720032 2.57649326324
0.275806755849 -1.09317775859 -0.143047022108
0.842852406432 0.130600994513 -0.517645414495 -0.067736133917
0.454912126064 -0.0210266876966 -0.890289485455
-0.249392941594 0.956712424755 -0.150028064847
0.854905247688 0.290281385183 0.429976165295
-0.000391454688141
0 0 0

00000001.jpg
E:\zhaochen\VisualSFM_windows_64bit\library\mao\270.jpg
1027.53234863
640 360
-0.449387609959 1.13722288609 -3.90307950974
3.61771345139 0.0306904315948 1.90803170204
0.277770338485 -0.970517376622 -0.127022318588
0.87336876075 0.13297172523 -0.46459737436 -0.0608069851431
0.560907185078 -0.0173425581306 -0.82770049572
-0.229770243168 0.95724517107 -0.175765231252
0.795358836651 0.288768172264 0.532939612865
-0.00305669308836
0 0 0

00000002.jpg
E:\zhaochen\VisualSFM_windows_64bit\library\mao\260.jpg
1027.59667969
640 360
-0.439002722502 1.18761122227 -4.09798717499
3.77852630615 0.0329964160919 2.02937674522
0.278154517311 -0.970966661301 -0.123884294421
0.873332725683 0.133153935764 -0.464806517246 -0.059304021164
0.560878694057 -0.0201973710209 -0.827654898167
-0.227365940809 0.957509160042 -0.177445694804
0.796068072319 0.28770506382 0.532452344894
-0.00304801666063
0 0 0

00000003.jpg
E:\zhaochen\VisualSFM_windows_64bit\library\mao\250.jpg
1027.23840332
640 360
-0.442025512457 1.24271273613 -4.31498622894
3.96577119827 0.0370703935623 2.15179276466
0.277298738115 -0.971209829322 -0.122877867801
0.873362823256 0.132745685666 -0.464927881013 -0.0588228670833
0.560767412186 -0.020686686039 -0.827718555927
-0.226181507111 0.957838833332 -0.177173525095
0.796484351158 0.28656706214 0.532444238663
-0.00353988871922
0 0 0

00000004.jpg
E:\zhaochen\VisualSFM_windows_64bit\library\mao\100.jpg
1025.57775879
640 360
0.675022661686 1.28140211105 -4.16853237152
3.58422970772 -0.00270080566406 2.574426651
0.275614123425 -1.09634179359 -0.143016996782
0.842045833478 0.130471902906 -0.518992997412 -0.0677022624464
0.452127337456 -0.0214110761881 -0.891698122025
-0.249444708228 0.956788420677 -0.149452671409
0.856365442276 0.290000617504 0.427248984575
-0.000912508374437
0 0 0

00000005.jpg
E:\zhaochen\VisualSFM_windows_64bit\library\mao\110.jpg
1024.73583984
640 360
0.642435491085 1.29527115822 -4.22178936005
3.64420461655 2.56299972534e-005 2.57562065125
0.275881331628 -1.09482788306 -0.143073130472
0.842419206208 0.130615946217 -0.518345982479 -0.067737937194
0.453460425138 -0.0212807673961 -0.891024231911
-0.249535724521 0.956703305244 -0.149843260646
0.855634212494 0.290290266275 0.428516745567
-0.00239930865283
0 0 0

00000006.jpg
E:\zhaochen\VisualSFM_windows_64bit\library\mao\80.jpg
1025.88916016
640 360
0.720973849297 1.2727098465 -4.11564254761
3.51611924171 -0.0102699995041 2.59132766724
0.275425369464 -1.09646733698 -0.142503714266
0.842042873753 0.130382410502 -0.519051874961 -0.0674592097582
0.452070951462 -0.0217431485653 -0.891718745232
-0.248957335949 0.956900298595 -0.149545446038
0.856536984444 0.289604872465 0.427173554897
-0.00103928510233
0 0 0

00000007.jpg
E:\zhaochen\VisualSFM_windows_64bit\library\mao\70.jpg
1025.87927246
640 360
0.738074481487 1.27378582954 -4.1075668335
3.5020608902 -0.0135395526886 2.60285139084
0.2754592671 -1.09663347306 -0.142248059471
0.84200621478 0.130396736557 -0.519123671506 -0.0673372979313
0.451955169439 -0.0219870787114 -0.891772210598
-0.24878077209 0.956925749779 -0.149676978588
0.85664921999 0.289502471685 0.427016943693
-0.000989984425743
0 0 0

00000008.jpg
E:\zhaochen\VisualSFM_windows_64bit\library\mao\40.jpg
1025.70837402
640 360
0.766508162022 1.28712522984 -4.10075283051
3.48586463928 -0.0271620750427 2.62840414047
0.275777933486 -1.09639461844 -0.141750520342
0.842064228661 0.130550312694 -0.519021440419 -0.0671031743597
0.452230095863 -0.0225062146783 -0.891618907452
-0.24852694571 0.956908881664 -0.150207415223
0.85657864809 0.289519578218 0.427149683237
-0.00161036764294
0 0 0

00000009.jpg
E:\zhaochen\VisualSFM_windows_64bit\library\mao\90.jpg
1025.54406738
640 360
0.702016174793 1.27444553375 -4.1346411705
3.54148364067 -0.00607407093048 2.58267307281
0.275542363029 -1.0964737148 -0.142704144935
0.842026513236 0.130437025458 -0.519051837543 -0.0675536929469
0.45204436779 -0.0216430313885 -0.891733467579
-0.249171033502 0.956846177578 -0.149535045028
0.85648816824 0.289790689945 0.427144050598
-0.00135490096727
0 0 0

00000010.jpg
E:\zhaochen\VisualSFM_windows_64bit\library\mao\20.jpg
1026.12145996
640 360
0.776893377304 1.29267120361 -4.09708070755
3.47881102562 -0.0338473320007 2.63769006729
0.275752397082 -1.09621764342 -0.141445919788
0.842121924464 0.130540934856 -0.518948438858 -0.0669603702307
0.452419906855 -0.0227103363723 -0.891518235207
-0.248265519738 0.956952393055 -0.150364860892
0.856553196907 0.289360672235 0.427305042744
-0.000833334492397
0 0 0

00000011.jpg
E:\zhaochen\VisualSFM_windows_64bit\library\mao\10.jpg
1026.16455078
640 360
0.781246602535 1.29775726795 -4.09623003006
3.47723293304 -0.0386636257172 2.64215946198
0.275851098595 -1.09618367963 -0.141322506399
0.842128153003 0.130587952812 -0.518933523767 -0.066902096424
0.45246553421 -0.0228526610881 -0.891490519047
-0.248213216662 0.95694321394 -0.150508195162
0.856543600559 0.289378970861 0.427310556173
-0.000605140437137
0 0 0

00000012.jpg
E:\zhaochen\VisualSFM_windows_64bit\library\mao\50.jpg
1025.89770508
640 360
0.757438361645 1.28306591511 -4.1017332077
3.48975014687 -0.0235348939896 2.62017965317
0.275615904629 -1.0963459628 -0.141938831965
0.842081119316 0.130474403185 -0.519001562604 -0.0671927275546
0.452247560024 -0.0222693271935 -0.891616880894
-0.24859623611 0.956925034523 -0.149993896484
0.856548786163 0.28948622942 0.427229851484
-0.000870111102562
0 0 0

00000013.jpg
E:\zhaochen\VisualSFM_windows_64bit\library\mao\60.jpg
1026.25524902
640 360
0.748488426208 1.27882146835 -4.10050964355
3.4920091629 -0.0199978351593 2.61061763763
0.275532247661 -1.0964305645 -0.142171743937
0.842056504326 0.130433645025 -0.519037013846 -0.0673023899694
0.452143132687 -0.0220549162477 -0.891673803329
-0.248744577169 0.956916689873 -0.149800166488
0.85656017065 0.289529830217 0.42717680335
-0.000756120886486
0 0 0

00000014.jpg
E:\zhaochen\VisualSFM_windows_64bit\library\mao\30.jpg
1025.8112793
640 360
0.771793961525 1.28885877132 -4.09978961945
3.48264241219 -0.0294758081436 2.63353157043
0.275735395518 -1.09626256829 -0.14152632362
0.842108595767 0.130532260126 -0.518967216602 -0.0669981119208
0.452370911837 -0.022644309327 -0.891544520855
-0.248323053122 0.95694565773 -0.150304958224
0.856562495232 0.289384394884 0.427270978689
-0.00161725590548
0 0 0

00000015.jpg
E:\zhaochen\VisualSFM_windows_64bit\library\mao\170.jpg
1024.81433105
640 360
0.194596722722 1.43429172039 -4.87507390976
4.34194564819 0.0386366844177 2.64716887474
0.275787413132 -1.05650965685 -0.136919183305
0.852404156615 0.131040315012 -0.502000278672 -0.0650571130411
0.487528026104 -0.0206545628607 -0.872864246368
-0.242474377155 0.957193374634 -0.1580812186
0.838764250278 0.2887160182 0.461649984121
-0.00209361912869
0 0 0

00000016.jpg
E:\zhaochen\VisualSFM_windows_64bit\library\mao\160.jpg
1024.81750488
640 360
0.363416612148 1.40741956234 -4.74329662323
4.20755720139 0.0314056873322 2.62817049026
0.275002378533 -1.08054497667 -0.140742321449
0.846234540066 0.130378522365 -0.512285959703 -0.066725880709
0.466222405434 -0.0206506550312 -0.884427309036
-0.24651363492 0.957099199295 -0.152296170592
0.849628984928 0.289027065039 0.441129982471
-0.000331181960401
0 0 0

00000017.jpg
E:\zhaochen\VisualSFM_windows_64bit\library\mao\180.jpg
1025.34790039
640 360
0.13851377368 1.46331572533 -5.00066375732
4.48010206223 0.0432479381561 2.66345977783
0.275333545782 -1.05595016366 -0.136573389175
0.852585711519 0.130833164465 -0.50176705144 -0.0648970274828
0.488038182259 -0.0206350907683 -0.872580289841
-0.241956204176 0.957344710827 -0.157966762781
0.838617384434 0.288219183683 0.462226688862
-0.000122382696646
0 0 0

00000018.jpg
E:\zhaochen\VisualSFM_windows_64bit\library\mao\220.jpg
1027.31665039
640 360
0.00818761065602 1.41122233868 -4.94077539444
4.48520326614 0.0490120649338 2.50668597221
0.270877484556 -1.05782803009 -0.134555207373
0.852468074714 0.128710309395 -0.502638206578 -0.0639353337178
0.486535906792 -0.0203837715089 -0.873424708843
-0.238395094872 0.958693027496 -0.155170291662
0.840507388115 0.283715426922 0.461578339338
-0.00134499101598
0 0 0

00000019.jpg
E:\zhaochen\VisualSFM_windows_64bit\library\mao\200.jpg
1025.765625
640 360
0.0621338486671 1.46941292286 -5.13708114624
4.63540649414 0.048513174057 2.65769696236
0.270765151407 -1.05696339683 -0.134090815131
0.852707298957 0.128667952784 -0.50227038351 -0.0637201300849
0.487329870462 -0.0205828621984 -0.872976779938
-0.237921342254 0.958769619465 -0.155422747135
0.840181708336 0.283441662788 0.46233946085
-0.00168794249982
0 0 0

00000020.jpg
E:\zhaochen\VisualSFM_windows_64bit\library\mao\130.jpg
1024.89855957
640 360
0.558037102222 1.33366560936 -4.38922786713
3.83072733879 0.00948309898376 2.58473110199
0.27565790955 -1.09301012228 -0.143130959927
0.842902000231 0.130532841369 -0.517575269793 -0.0677770897907
0.455044806004 -0.02086237818 -0.890225052834
-0.249380156398 0.956736147404 -0.149893447757
0.854835867882 0.290212124586 0.430154174566
-0.000396913206213
0 0 0

00000021.jpg
E:\zhaochen\VisualSFM_windows_64bit\library\mao\140.jpg
1025.23449707
640 360
0.517171561718 1.35922598839 -4.49287652969
3.94476270676 0.0130414962769 2.59607648849
0.275342270997 -1.09317771503 -0.143174364422
0.842877767212 0.130382239658 -0.517650117123 -0.0677970521104
0.454884618521 -0.0206954292953 -0.89031046629
-0.249273940921 0.956808507442 -0.149602249265
0.854952633381 0.289982914925 0.430078595877
0.000188473423517
0 0 0

00000022.jpg
E:\zhaochen\VisualSFM_windows_64bit\library\mao\150.jpg
1025.07324219
640 360
0.473404496908 1.38554179668 -4.61042785645
4.07205724716 0.0189439058304 2.61110925674
0.274924802245 -1.09332113582 -0.142995767402
0.842873780608 0.130184369843 -0.517717288292 -0.0677123843225
0.454768151045 -0.0206514000893 -0.890370845795
-0.248943373561 0.956934571266 -0.149346232414
0.85511046648 0.289569735527 0.430042117834
0.000167393370739
0 0 0

00000023.jpg
E:\zhaochen\VisualSFM_windows_64bit\library\mao\210.jpg
1026.6628418
640 360
0.0326896719635 1.44448876381 -5.07026386261
4.58886241913 0.0514079332352 2.59518003464
0.270449987989 -1.05741365243 -0.13408967251
0.852614492289 0.128513916673 -0.502467650406 -0.0637174700129
0.486934125423 -0.0204952172935 -0.8731995821
-0.237800970674 0.95884937048 -0.155113697052
0.84044522047 0.283177614212 0.462022393942
-0.0014032400404
0 0 0

00000024.jpg
E:\zhaochen\VisualSFM_windows_64bit\library\mao\190.jpg
1025.4498291
640 360
0.0973485261202 1.47908782959 -5.10610246658
4.59339618683 0.0445516109467 2.67736005783
0.273118270495 -1.05643422483 -0.135254408502
0.852650987897 0.129783541609 -0.502008799802 -0.0642717754539
0.487714231014 -0.0207021702081 -0.872759580612
-0.239907741547 0.95805221796 -0.156790211797
0.839393615723 0.285850048065 0.462288379669
-0.000696214718718
0 0 0

00000025.jpg
E:\zhaochen\VisualSFM_windows_64bit\library\mao\230.jpg
1027.78588867
640 360
-0.0137744434178 1.3657835722 -4.76498794556
4.33807134628 0.0451445579529 2.39787578583
0.271400023897 -1.05811928468 -0.134897330582
0.852350308037 0.128953161815 -0.502755399124 -0.0640951944258
0.486259371042 -0.0204006973654 -0.873578310013
-0.238926932216 0.958527266979 -0.155378192663
0.84051656723 0.284274876118 0.461217552423
-0.000802040720297
0 0 0

00000026.jpg
E:\zhaochen\VisualSFM_windows_64bit\library\mao\240.jpg
1024.94726563
640 360
-0.305323034525 1.30713093281 -4.55698204041
4.15393447876 0.0414462089539 2.30458188057
0.275057523932 -0.995470629211 -0.126034614604
0.867711956792 0.13140905168 -0.47558724986 -0.0602131835814
0.540383815765 -0.0204974114895 -0.841170191765
-0.22948820889 0.958213448524 -0.170777112246
0.80952078104 0.285323709249 0.51309889555
-0.0053905381696
0 0 0

00000027.jpg
E:\zhaochen\VisualSFM_windows_64bit\library\mao\280.jpg
1027.18310547
640 360
-0.515688717365 1.09203791618 -3.74145126343
3.51569032669 0.0320365428925 1.75950670242
0.277755368707 -0.969998265622 -0.129713179976
0.87340652602 0.132966338204 -0.464355083557 -0.0620959610558
0.561037480831 -0.0150170968845 -0.827654659748
-0.231957167387 0.956928789616 -0.174598157406
0.794628381729 0.289936512709 0.533389568329
-0.00290567205981
0 0 0

00000028.jpg
E:\zhaochen\VisualSFM_windows_64bit\library\mao\290.jpg
1026.98291016
640 360
-0.636962413788 1.05170953274 -3.61571455002
3.47420740128 0.0374947786331 1.58546710014
0.278095824142 -0.969606203951 -0.131547726629
0.873417581457 0.13312984163 -0.464169214962 -0.0629744371998
0.561163246632 -0.0135835530236 -0.827594637871
-0.233595475554 0.956622302532 -0.174094364047
0.794059574604 0.291017413139 0.533647537231
-0.00221009419664
0 0 0

00000029.jpg
E:\zhaochen\VisualSFM_windows_64bit\library\mao\320.jpg
1026.18884277
640 360
-1.11543858051 0.967087388039 -3.49389052391
3.62576198578 0.0747976899147 1.11130261421
0.281384323081 -0.969722674556 -0.127582504033
0.873293267968 0.134698176461 -0.464204524636 -0.0610735184301
0.56156873703 -0.0183850098401 -0.827226519585
-0.231725379825 0.956254720688 -0.178561002016
0.794320225716 0.291963040829 0.532741069794
-0.00202105137847
0 0 0

00000030.jpg
E:\zhaochen\VisualSFM_windows_64bit\library\mao\360.jpg
1023.03405762
640 360
-1.32960426807 1.12816596031 -4.0782289505
4.2465057373 0.0888651609421 1.27744674683
0.28282470356 -0.969091057219 -0.126552210344
0.873374160763 0.135391564594 -0.46391546714 -0.0605820550527
0.562225937843 -0.0197990369052 -0.826748728752
-0.231442242861 0.955999970436 -0.180285304785
0.793938398361 0.292704671621 0.532903790474
-0.00315186998165
0 0 0

00000031.jpg
E:\zhaochen\VisualSFM_windows_64bit\library\mao\300.jpg
1026.63256836
640 360
-0.805755794048 1.02036368847 -3.53890824318
3.50031852722 0.047970533371 1.39990782738
0.27892737048 -0.969273171954 -0.132735478929
0.873401757466 0.133527170289 -0.464007184614 -0.0635426809058
0.561319768429 -0.0129185384139 -0.827498614788
-0.234911695123 0.956266522408 -0.174277216196
0.793560147285 0.292214244604 0.533736228943
-0.00191375593879
0 0 0

00000032.jpg
E:\zhaochen\VisualSFM_windows_64bit\library\mao\310.jpg
1026.30883789
640 360
-0.993802189827 0.992313504219 -3.50976729393
3.57585597038 0.0577945113182 1.22504615784
0.279733285608 -0.969410889967 -0.129425239733
0.873419799352 0.133913831289 -0.464076079063 -0.061958410421
0.561589419842 -0.0160609595478 -0.827260196209
-0.23252376914 0.95645737648 -0.176419109106
0.794072747231 0.291432857513 0.533401787281
-0.00200436088097
0 0 0

00000033.jpg
E:\zhaochen\VisualSFM_windows_64bit\library\mao\330.jpg
1025.70605469
640 360
-1.19711184502 0.978321909904 -3.53415131569
3.70599031448 0.0812502503395 1.06745553017
0.283526284602 -0.969572024583 -0.128106846499
0.873167469136 0.13571747982 -0.464111720242 -0.0613217867224
0.561680614948 -0.0188878793269 -0.827139675617
-0.233064636588 0.955642461777 -0.180088058114
0.793849349022 0.293928295374 0.532362639904
-0.00144963434419
0 0 0

00000034.jpg
E:\zhaochen\VisualSFM_windows_64bit\library\mao\350.jpg
1023.79437256
640 360
-1.29948866367 1.06771123409 -3.8469452858
4.03209114075 0.0836291313171 1.16744494438
0.283606852166 -0.969182994334 -0.127216036132
0.873279199262 0.135761420424 -0.463943867918 -0.060897787321
0.562094926834 -0.0196098461747 -0.826839864254
-0.232332929969 0.955721199512 -0.180608928204
0.793770253658 0.293621569872 0.532650113106
-0.00187632720813
0 0 0

00000035.jpg
E:\zhaochen\VisualSFM_windows_64bit\library\mao\340.jpg
1024.5098877
640 360
-1.25790989399 1.01727604866 -3.65899753571
3.84797215462 0.0811802744865 1.09179091454
0.284223281578 -0.969286805259 -0.127984906633
0.873190038152 0.136052204212 -0.463978902915 -0.0612639068715
0.561941802502 -0.019260501489 -0.826953530312
-0.233240634203 0.955473601818 -0.180748596787
0.793613493443 0.29444912076 0.532427966595
-0.00209398516655
0 0 0

00000036.jpg
E:\zhaochen\VisualSFM_windows_64bit\library\mao\380.jpg
1022.62188721
640 360
-1.43251609802 1.27319610119 -4.62040376663
4.74654197693 0.0910567045212 1.57585680485
0.280675965752 -0.955106053239 -0.122461214243
0.876863190387 0.134528998014 -0.457785760155 -0.0586960996234
0.573974013329 -0.0202340539545 -0.818623483181
-0.226107850671 0.956913590431 -0.182186588645
0.787038445473 0.289667516947 0.544668614864
-0.00329472601019
0 0 0

00000037.jpg
E:\zhaochen\VisualSFM_windows_64bit\library\mao\370.jpg
1023.14819336
640 360
-1.36411690712 1.19835650921 -4.33982038498
4.4839015007 0.0918124914169 1.42026889324
0.282119993309 -0.964962589726 -0.124954938482
0.874425631428 0.13510452226 -0.462111203655 -0.059839705331
0.56574600935 -0.0202158521861 -0.824332952499
-0.22951734066 0.95633327961 -0.180972516537
0.791994571686 0.291582912207 0.536401450634
-0.00350686848814
0 0 0

00000038.jpg
E:\zhaochen\VisualSFM_windows_64bit\library\mao\390.jpg
1022.793396
640 360
-1.47508442402 1.34650838375 -4.89621782303
4.99552249908 0.0902106761932 1.73162436485
0.279046929875 -0.949864908847 -0.12081250191
0.878217257544 0.133812245582 -0.455491685609 -0.0579335962671
0.578342437744 -0.0201441887766 -0.815546035767
-0.22365732491 0.957476556301 -0.182255938649
0.784536600113 0.287808954716 0.549243211746
-0.00325085559732
0 0 0

00000039.jpg
E:\zhaochen\VisualSFM_windows_64bit\library\mao\500.jpg
1025.05480957
640 360
-1.77814590931 1.32792901993 -4.84623432159
5.06807804108 0.0873647928238 1.64867675304
0.275429981143 -0.911231590428 -0.11994062592
0.887116464833 0.132492989475 -0.438339344971 -0.0576963045987
0.609059691429 -0.0137872295454 -0.793004930019
-0.218520596623 0.958234786987 -0.18449242413
0.762427270412 0.285654425621 0.580608010292
-0.00409238625575
0 0 0

00000040.jpg
E:\zhaochen\VisualSFM_windows_64bit\library\mao\490.jpg
1026.31188965
640 360
-1.7187063694 1.33344936371 -4.86007976532
5.04592895508 0.07834649086 1.69850087166
0.276163335913 -0.912918965972 -0.117029304165
0.886780656847 0.132830063702 -0.439099144006 -0.0562891879762
0.608047604561 -0.0168187618256 -0.793723106384
-0.216483414173 0.958375155926 -0.186149120331
0.763815402985 0.285015404224 0.579096972942
-0.00305529589056
0 0 0

00000041.jpg
E:\zhaochen\VisualSFM_windows_64bit\library\mao\480.jpg
1026.16650391
640 360
-1.71695554256 1.34828364849 -4.88534593582
5.06711864471 0.0731561183929 1.71796357632
0.278088275142 -0.912988327695 -0.115589678206
0.886677560396 0.133751074552 -0.439116571243 -0.055594733936
0.608173012733 -0.0188753418624 -0.793581664562
-0.216053754091 0.958039939404 -0.188363030553
0.763837575912 0.286013275385 0.578575432301
-0.00404942528356
0 0 0

00000042.jpg
E:\zhaochen\VisualSFM_windows_64bit\library\mao\510.jpg
1026.52893066
640 360
-2.01216363907 1.30857682228 -4.81339836121
5.15610599518 0.0985269546509 1.52803492546
0.275549613987 -0.89416647255 -0.119278586623
0.890835377458 0.13272396184 -0.430693097567 -0.0574529078455
0.622406423092 -0.011964331381 -0.782604157925
-0.216688662767 0.958167672157 -0.186981260777
0.752102434635 0.285959541798 0.593776583672
-0.00340474426282
0 0 0

00000043.jpg
E:\zhaochen\VisualSFM_windows_64bit\library\mao\470.jpg
1026.33227539
640 360
-1.7166582346 1.36501634121 -4.94558048248
5.11744976044 0.0694303512573 1.75381469727
0.276983809341 -0.913484185314 -0.115416235037
0.886647158518 0.133218438199 -0.4393503605 -0.0555107196015
0.607780218124 -0.018622405827 -0.793887734413
-0.215496093035 0.958343744278 -0.187458246946
0.764307260513 0.285012751818 0.57844877243
-0.00419426368501
0 0 0

00000044.jpg
E:\zhaochen\VisualSFM_windows_64bit\library\mao\460.jpg
1026.68774414
640 360
-1.56358611584 1.40930306911 -5.11772918701
5.22233819962 0.0700814723969 1.8287665844
0.274046417165 -0.943054928452 -0.119330234622
0.88013750935 0.131503517534 -0.452532974531 -0.0572616338625
0.583870172501 -0.018223060295 -0.81164252758
-0.219815507531 0.958855986595 -0.179656744003
0.781522452831 0.28330796957 0.555841982365
-0.00400843876686
0 0 0

00000045.jpg
E:\zhaochen\VisualSFM_windows_64bit\library\mao\400.jpg
1023.03833008
640 360
-1.53468704224 1.41133201122 -5.14585447311
5.22351837158 0.0894961357117 1.87985146046
0.277838016161 -0.940906848224 -0.118567593959
0.880393825075 0.133335015794 -0.45154306528 -0.0569008238385
0.585742533207 -0.0202227067202 -0.810244739056
-0.220603242517 0.957968533039 -0.183388203382
0.779898166656 0.286161094904 0.556662082672
-0.00290181623348
0 0 0

00000046.jpg
E:\zhaochen\VisualSFM_windows_64bit\library\mao\520.jpg
1026.16345215
640 360
-2.27568221092 1.29636263847 -4.8110370636
5.29676628113 0.110344171524 1.39193248749
0.276331721861 -0.880255741888 -0.117996422427
0.893793801588 0.133238965772 -0.424433227839 -0.0568943774643
0.633239686489 -0.0113984588534 -0.77387291193
-0.214805826545 0.958021759987 -0.189880743623
0.743550240993 0.286471903324 0.604207992554
-0.00362833243785
0 0 0

00000047.jpg
E:\zhaochen\VisualSFM_windows_64bit\library\mao\410.jpg
1022.87756348
640 360
-1.54533791542 1.45528137684 -5.36632823944
5.41223239899 0.0887122154236 2.00082707405
0.273920002151 -0.941337886136 -0.117130001725
0.880596392297 0.131464154926 -0.451782231051 -0.0562149407578
0.585464835167 -0.0197810102254 -0.81045538187
-0.217791706324 0.959114849567 -0.180739849806
0.780895829201 0.282327592373 0.557220339775
-0.00328294582068
0 0 0

00000048.jpg
E:\zhaochen\VisualSFM_windows_64bit\library\mao\420.jpg
1022.93164063
640 360
-1.54996693134 1.4892770052 -5.49444198608
5.52386951447 0.0848507881165 2.07097911835
0.272463170586 -0.942038174056 -0.116883720452
0.880540582863 0.130762392059 -0.452109416422 -0.0560956361411
0.584900557995 -0.0194488037378 -0.810871243477
-0.217026740313 0.959509313107 -0.179560422897
0.781531512737 0.281005948782 0.556997001171
-0.00466400000788
0 0 0

00000049.jpg
E:\zhaochen\VisualSFM_windows_64bit\library\mao\450.jpg
1027.06628418
640 360
-1.56269395351 1.444242239 -5.30226230621
5.37361288071 0.0657184123993 1.93954062462
0.270169888086 -0.943103664196 -0.117302120686
0.880437280385 0.12965705522 -0.452604265906 -0.0562943844225
0.583961367607 -0.0182393100113 -0.811577498913
-0.216494008899 0.960040509701 -0.177351653576
0.782381176949 0.279267966747 0.556677341461
-0.00350099082824
0 0 0

00000050.jpg
E:\zhaochen\VisualSFM_windows_64bit\library\mao\440.jpg
1025.90625
640 360
-1.56055605412 1.48130786419 -5.45402383804
5.4983716011 0.0713248252869 2.03441762924
0.270192102035 -0.942772891959 -0.116918363376
0.88052142611 0.12967156825 -0.452458967096 -0.0561118827013
0.584264695644 -0.0185266807675 -0.8113514781
-0.216157540679 0.960074305534 -0.177580580115
0.782247781754 0.279133796692 0.556932926178
-0.0039229042789
0 0 0

00000051.jpg
E:\zhaochen\VisualSFM_windows_64bit\library\mao\430.jpg
1024.01525879
640 360
-1.55546152592 1.49753677845 -5.52464294434
5.55345916748 0.0794259309769 2.08244729042
0.271155530666 -0.942478081127 -0.116837037128
0.880527873792 0.130134236631 -0.452318510075 -0.0560729799597
0.584527850151 -0.0189766827971 -0.811151921749
-0.216471970081 0.959842979908 -0.17844799161
0.781964302063 0.279899299145 0.556946516037
-0.00386519025389
0 0 0

00000052.jpg
E:\zhaochen\VisualSFM_windows_64bit\library\mao\530.jpg
1026.71264648
640 360
-2.50152444839 1.29800665379 -4.85417413712
5.47106266022 0.124558329582 1.24797916412
0.277411647243 -0.879366695732 -0.118455422791
0.893897327538 0.133764530766 -0.424019952281 -0.0571177677789
0.633890271187 -0.0113228885457 -0.773341476917
-0.215552568436 0.957690358162 -0.190705403686
0.74277973175 0.287581622601 0.604629099369
-0.00324994505806
0 0 0

00000053.jpg
E:\zhaochen\VisualSFM_windows_64bit\library\mao\540.jpg
1026.40466309
640 360
-2.71761012077 1.31141030788 -4.95135402679
5.68267345428 0.136046528816 1.14446794987
0.277977285571 -0.87905646846 -0.117727700858
0.893945677217 0.134039547662 -0.423877552296 -0.0567678317238
0.634211599827 -0.0121379476041 -0.773066163063
-0.215127378702 0.957621395588 -0.191523045301
0.742627859116 0.287773251534 0.604722499847
-0.00294618871372
0 0 0

00000054.jpg
E:\zhaochen\VisualSFM_windows_64bit\library\mao\610.jpg
1023.53881836
640 360
-2.70165467262 1.46978569031 -5.64787578583
6.19284439087 0.139355540276 1.72828602791
0.277614136362 -0.861071487313 -0.106231102569
0.898056040514 0.134057360546 -0.415803648702 -0.0512980405282
0.648952066898 -0.0193459857255 -0.760583877563
-0.203620046377 0.958794474602 -0.198122307658
0.733076035976 0.283441781998 0.618272066116
-0.00422751439691
0 0 0

00000055.jpg
E:\zhaochen\VisualSFM_windows_64bit\library\mao\600.jpg
1022.86907959
640 360
-2.74169921875 1.4467086792 -5.59336423874
6.18471240997 0.14027941227 1.6202609539
0.27896565361 -0.867685453502 -0.104836378675
0.896620779527 0.134642316209 -0.418786964232 -0.0505991066106
0.644114613533 -0.0220365338027 -0.764612019062
-0.203509375453 0.958623111248 -0.199065834284
0.737360358238 0.283826559782 0.612977564335
-0.00432504780025
0 0 0

00000056.jpg
E:\zhaochen\VisualSFM_windows_64bit\library\mao\640.jpg
1024.67602539
640 360
-2.81340527534 1.48469913006 -5.63113451004
6.21516370773 0.131453275681 1.78430843353
0.278684909469 -0.83710187442 -0.105246819883
0.902927515356 0.134803808286 -0.404917944103 -0.0509093662704
0.666900217533 -0.0172339957207 -0.744948804379
-0.2011038661 0.958472907543 -0.202207908034
0.71749740839 0.284664362669 0.635739266872
-0.00365297197982
0 0 0

00000057.jpg
E:\zhaochen\VisualSFM_windows_64bit\library\mao\650.jpg
1024.26098633
640 360
-2.89695596695 1.47632718086 -5.60113620758
6.22207403183 0.130049109459 1.79262816906
0.279264207315 -0.82255982128 -0.10312509765
0.905861796071 0.135222398885 -0.398291328951 -0.0499341581349
0.677741765976 -0.0172487236559 -0.735098421574
-0.198182508349 0.95844233036 -0.205208927393
0.70808917284 0.2847622931 0.646158277988
-0.00403571316474
0 0 0

00000058.jpg
E:\zhaochen\VisualSFM_windows_64bit\library\mao\660.jpg
1024.31018066
640 360
-2.99208664894 1.46708524227 -5.55752658844
6.225066185 0.125770330429 1.79548943043
0.279874690473 -0.806180162919 -0.100822743828
0.909108668257 0.135671385943 -0.390801968687 -0.0488745922916
0.689770340919 -0.0171766150743 -0.723824620247
-0.194905877113 0.958409190178 -0.208479404449
0.697301208973 0.28488072753 0.657734751701
-0.00398723222372
0 0 0

00000059.jpg
E:\zhaochen\VisualSFM_windows_64bit\library\mao\670.jpg
1024.72509766
640 360
-3.08561396599 1.4506727457 -5.51109933853
6.22545671463 0.125612735748 1.79599630833
0.280113125743 -0.789931100069 -0.0984216678848
0.912295442999 0.135937575527 -0.38334982801 -0.0477635700794
0.701523602009 -0.0170743111521 -0.712442755699
-0.191372260451 0.958480000496 -0.211410209537
0.686470448971 0.284650713205 0.669128298759
-0.00348930582176
0 0 0

00000060.jpg
E:\zhaochen\VisualSFM_windows_64bit\library\mao\690.jpg
1024.78979492
640 360
-3.26658415794 1.42018806934 -5.41295003891
6.22551631927 0.126516222954 1.79291498661
0.280718357316 -0.758397632588 -0.0945819778036
0.918273818275 0.136514256626 -0.368811252779 -0.0459955255992
0.72372585535 -0.0162228699774 -0.689897179604
-0.185168817639 0.958496391773 -0.216787531972
0.664781689644 0.284642338753 0.690684974194
-0.00357979156792
0 0 0

00000061.jpg
E:\zhaochen\VisualSFM_windows_64bit\library\mao\680.jpg
1024.48266602
640 360
-3.17648005486 1.43618798256 -5.46300172806
6.225233078 0.125698328018 1.79659461975
0.280491637842 -0.773879644685 -0.0964329249425
0.915363714219 0.13626640365 -0.375960569987 -0.0468483409221
0.712918400764 -0.0166949704289 -0.701049208641
-0.188228055835 0.958473742008 -0.214240342379
0.675513446331 0.284692943096 0.68017077446
-0.00403798507279
0 0 0

00000062.jpg
E:\zhaochen\VisualSFM_windows_64bit\library\mao\700.jpg
1025.77050781
640 360
-3.36150527 1.40228676796 -5.3610625267
6.23035144806 0.12800514698 1.78142845631
0.280775165579 -0.743443279671 -0.0927986475129
0.921042316803 0.136672865942 -0.361885722652 -0.0451715773545
0.733996748924 -0.0157100781798 -0.678971350193
-0.182129815221 0.958560407162 -0.219069093466
0.654276907444 0.284456878901 0.700718641281
-0.00239639669164
0 0 0

00000063.jpg
E:\zhaochen\VisualSFM_windows_64bit\library\mao\710.jpg
1025.7833252
640 360
-3.45804929733 1.38851594925 -5.31606292725
6.24601840973 0.129784822464 1.76551628113
0.280674085485 -0.729964883012 -0.0917590577294
0.923490394007 0.136739402811 -0.355625856956 -0.0447033745019
0.743064284325 -0.0146896885708 -0.669059693813
-0.1798222363 0.95860773325 -0.220759674907
0.644608557224 0.284350425005 0.709666013718
-0.0037925060771
0 0 0

00000064.jpg
E:\zhaochen\VisualSFM_windows_64bit\library\mao\720.jpg
1025.59106445
640 360
-3.57383155823 1.37229466438 -5.27821350098
6.28065299988 0.135695695877 1.74643850327
0.28081725635 -0.715853508103 -0.0904302439813
0.925996119677 0.136927637672 -0.349053085475 -0.0440941551933
0.752435564995 -0.0139280324802 -0.658518612385
-0.177252098918 0.958613693714 -0.222806498408
0.634368598461 0.284371346235 0.718825995922
-0.0044300162916
0 0 0

00000065.jpg
E:\zhaochen\VisualSFM_windows_64bit\library\mao\630.jpg
1024.29431152
640 360
-2.75580215454 1.48414075375 -5.64784574509
6.20648193359 0.134252548218 1.77675831318
0.278142408676 -0.846942794013 -0.106147412844
0.900937565907 0.13444789458 -0.409393432763 -0.0513093139587
0.659529387951 -0.0176311060786 -0.751472830772
-0.202537059784 0.958582401276 -0.200246915221
0.723878860474 0.284269720316 0.628642201424
-0.00497218742135
0 0 0

00000066.jpg
E:\zhaochen\VisualSFM_windows_64bit\library\mao\620.jpg
1022.72259521
640 360
-2.70718050003 1.48464500904 -5.67091274261
6.20391178131 0.13888502121 1.78450489044
0.277567674814 -0.85392038805 -0.106984633837
0.899520776571 0.134103634153 -0.412561827999 -0.0516883970935
0.654242992401 -0.0176624450833 -0.756079435349
-0.203641593456 0.958689212799 -0.198608696461
0.728352308273 0.283907324076 0.623618304729
-0.00399075641916
0 0 0

00000067.jpg
E:\zhaochen\VisualSFM_windows_64bit\library\mao\730.jpg
1025.30249023
640 360
-3.70530319214 1.35302782059 -5.24892520905
6.33390188217 0.14660859108 1.72377514839
0.280943862859 -0.701799360198 -0.0890616025497
0.928447096257 0.137105279481 -0.342489764469 -0.0434635438708
0.761623322964 -0.0132071180269 -0.647885084152
-0.174621522427 0.958626508713 -0.224818304181
0.624049425125 0.284361690283 0.727806210518
-0.00547211031305
0 0 0

00000068.jpg
E:\zhaochen\VisualSFM_windows_64bit\library\mao\740.jpg
1025.70178223
640 360
-3.85424661636 1.33434140682 -5.23123264313
6.40938186646 0.160612940788 1.70163536072
0.281260237756 -0.687578531666 -0.0876139713245
0.930868288511 0.137374265242 -0.335829893117 -0.0427927709642
0.770774483681 -0.0125999851152 -0.636983811855
-0.171937718987 0.958594977856 -0.227012485266
0.613469779491 0.284496903419 0.736693620682
-0.00496363886493
0 0 0

00000069.jpg
E:\zhaochen\VisualSFM_windows_64bit\library\mao\750.jpg
1025.5135498
640 360
-4.01526260376 1.32092106342 -5.23776960373
6.51133060455 0.176135778427 1.69499850273
0.281708022158 -0.673183905153 -0.0859873360598
0.933264933823 0.137706544289 -0.329070604874 -0.0420329489046
0.77989256382 -0.0121746789664 -0.625796794891
-0.169086188078 0.958541095257 -0.229369729757
0.602643430233 0.284697026014 0.745500087738
-0.00514460082188
0 0 0

00000070.jpg
E:\zhaochen\VisualSFM_windows_64bit\library\mao\550.jpg
1026.22473145
640 360
-2.89605689049 1.29020476341 -5.05386590958
5.86805725098 0.153502106667 1.06569540501
0.276517637841 -0.879584307979 -0.112345236946
0.894080660748 0.133342023577 -0.424152153362 -0.0541749935037
0.634320557117 -0.0162409357727 -0.772900044918
-0.209988191724 0.958570301533 -0.192480191588
0.744004905224 0.284393906593 0.604630053043
-0.0029113088876
0 0 0

00000071.jpg
E:\zhaochen\VisualSFM_windows_64bit\library\mao\560.jpg
1025.66894531
640 360
-2.9910326004 1.29249286652 -5.13640403748
5.99024772644 0.168246507645 1.04312515259
0.279769335219 -0.879909579935 -0.109015512412
0.893882399536 0.134900673001 -0.424279503042 -0.0525656822982
0.63444763422 -0.0204959772527 -0.772694051266
-0.208446130157 0.958077728748 -0.196565687656
0.744329869747 0.285775661469 0.603577613831
-0.00280672162899
0 0 0

00000072.jpg
E:\zhaochen\VisualSFM_windows_64bit\library\mao\760.jpg
1025.75195313
640 360
-4.18359136581 1.31773126125 -5.27903747559
6.64233827591 0.192090034485 1.71743035316
0.28255107024 -0.658559444468 -0.0841155594675
0.935626510384 0.138230855557 -0.322183297224 -0.0411513774873
0.789009213448 -0.0120667256415 -0.614263057709
-0.166076004505 0.958398222923 -0.232148349285
0.591509878635 0.285181462765 0.754180431366
-0.00369577825537
0 0 0

00000073.jpg
E:\zhaochen\VisualSFM_windows_64bit\library\mao\570.jpg
1023.84100342
640 360
-2.9841234684 1.32366740704 -5.24326086044
6.07231616974 0.166816473007 1.11716914177
0.282227186487 -0.880493991038 -0.106829945414
0.89364884511 0.136074665174 -0.4245265189 -0.051507614251
0.634248912334 -0.0234750378877 -0.772772848606
-0.207593917847 0.957661628723 -0.199473202229
0.744737684727 0.286938667297 0.602522492409
-0.00269457028544
0 0 0

00000074.jpg
E:\zhaochen\VisualSFM_windows_64bit\library\mao\590.jpg
1022.83093262
640 360
-2.79776024818 1.40534377098 -5.50818586349
6.16879940033 0.154169797897 1.43691968918
0.282868101465 -0.881004884121 -0.103255394687
0.893587213977 0.136380731236 -0.424763660861 -0.0497830832058
0.634195566177 -0.0268880929798 -0.772705793381
-0.20483019948 0.957844257355 -0.201444074512
0.745547711849 0.286028236151 0.6019526124
-0.00388991594265
0 0 0

00000075.jpg
E:\zhaochen\VisualSFM_windows_64bit\library\mao\580.jpg
1024.02539063
640 360
-2.91929650307 1.357421875 -5.36127710342
6.12644290924 0.163556337357 1.2442343235
0.282579358211 -0.880843323655 -0.105287084178
0.893590048836 0.136241653368 -0.424686189155 -0.0507626831539
0.634129703045 -0.0249979738146 -0.772822916508
-0.206442087889 0.95772343874 -0.200371980667
0.745158493519 0.286604762077 0.602159559727
-0.00274202856431
0 0 0

00000076.jpg
E:\zhaochen\VisualSFM_windows_64bit\library\mao\770.jpg
1025.64953613
640 360
-4.35459804535 1.32609629631 -5.37243413925
6.80845737457 0.208785653114 1.78479337692
0.283273896648 -0.644023780335 -0.0817770234279
0.937940605259 0.138694675826 -0.315322627657 -0.040039120754
0.797937273979 -0.012358378619 -0.602613806725
-0.162575647235 0.95832157135 -0.234924286604
0.580401778221 0.285425186157 0.762671470642
-0.00328241948719
0 0 0

00000077.jpg
E:\zhaochen\VisualSFM_windows_64bit\library\mao\780.jpg
1025.39697266
640 360
-4.50899410248 1.35370349884 -5.52811050415
7.00542545319 0.22067630291 1.89707565308
0.2828428751 -0.632734390172 -0.0798853507566
0.939772807272 0.138570732717 -0.309990018417 -0.0391375302764
0.804749131203 -0.0123502779752 -0.593487024307
-0.159471824765 0.958533227444 -0.236185505986
0.571793735027 0.284714519978 0.769409358501
-0.00198309256474
0 0 0

00000078.jpg
E:\zhaochen\VisualSFM_windows_64bit\library\mao\990.jpg
1026.70837402
640 360
-4.78267860413 1.38462865353 -4.55327510834
6.67631626129 -0.102648496628 0.969459295273
0.280677526948 -0.63619076828 -0.0792684646661
0.939397092485 0.137492162166 -0.311643205753 -0.0388303000851
0.80274194479 -0.0127427997068 -0.596190750599
-0.158651083708 0.959176719189 -0.234117105603
0.574836134911 0.28252184391 0.767948925495
-0.00546725564271
0 0 0

00000079.jpg
E:\zhaochen\VisualSFM_windows_64bit\library\mao\980.jpg
1027.79760742
640 360
-4.78928852081 1.39683842659 -4.59845399857
6.70943880081 -0.0932449102402 1.00447320938
0.282676221582 -0.63596691666 -0.0796501867324
0.939286500743 0.138465985586 -0.311521731196 -0.0390158094878
0.802864193916 -0.0129762981087 -0.596021175385
-0.159564390779 0.958609461784 -0.235809847713
0.574411451817 0.284427076578 0.767562866211
-0.00448118646576
0 0 0

00000080.jpg
E:\zhaochen\VisualSFM_windows_64bit\library\mao\970.jpg
1027.72888184
640 360
-4.79508447647 1.41991055012 -4.65140151978
6.74838399887 -0.0947822332382 1.04636335373
0.283745291573 -0.636041650812 -0.0800538814756
0.939192793339 0.138985190114 -0.311548323035 -0.0392122945004
0.802800178528 -0.0129454089329 -0.596107423306
-0.160257026553 0.958290636539 -0.23663470149
0.574308335781 0.285500854254 0.767241597176
-0.00486201789148
0 0 0

00000081.jpg
E:\zhaochen\VisualSFM_windows_64bit\library\mao\960.jpg
1028.13378906
640 360
-4.8018245697 1.44805467129 -4.73673152924
6.80736923218 -0.10042154789 1.11386919022
0.282814109734 -0.636109858533 -0.0800599694445
0.939246839053 0.138531643696 -0.311587510102 -0.0392160036563
0.802751123905 -0.0126623306423 -0.596180260181
-0.15999636054 0.95854216814 -0.235792294145
0.574450075626 0.284669339657 0.767445206642
-0.00531860793551
0 0 0

00000082.jpg
E:\zhaochen\VisualSFM_windows_64bit\library\mao\950.jpg
1028.01391602
640 360
-4.80334758759 1.49849677086 -4.89313316345
6.90688085556 -0.109132170677 1.2423889637
0.281623623217 -0.636464658469 -0.0799498242925
0.93927603022 0.137949885779 -0.311764424928 -0.0391624431333
0.802539169788 -0.0124469520524 -0.59647077322
-0.159584328532 0.958872079849 -0.234727010131
0.57486063242 0.283565074205 0.767546594143
-0.00593930050911
0 0 0

00000083.jpg
E:\zhaochen\VisualSFM_windows_64bit\library\mao\940.jpg
1027.85644531
640 360
-4.80383729935 1.55659902096 -5.12615251541
7.05038166046 -0.117651700974 1.43373131752
0.277882533358 -0.636635848958 -0.0790295360786
0.939523428588 0.136128911272 -0.311874747751 -0.0387149367566
0.802470505238 -0.0121631287038 -0.596567571163
-0.157657489181 0.959940314293 -0.2316442132
0.575486958027 0.279940992594 0.768406271935
-0.00649944144558
0 0 0

00000084.jpg
E:\zhaochen\VisualSFM_windows_64bit\library\mao\1000.jpg
1028.26525879
640 360
-4.77811861038 1.3480643034 -4.42886781693
6.5953540802 -0.109994649887 0.867061376572
0.278866708236 -0.636355535395 -0.0789166330777
0.939502246865 0.136610045614 -0.311735162891 -0.0386593470143
