0.3705 -0.00175862 -0.928832 0.214811 0.973051 0.083843 0.903653 -0.230587 0.360893 
0.424796 0.0102706 -0.905231 0.205539 0.97273 0.107489 0.881648 -0.231721 0.411101 
0.419352 -0.00037489 -0.907824 0.214257 0.971792 0.0985704 0.882179 -0.235843 0.407603 
0.521828 0.0302243 -0.852517 0.215263 0.962366 0.165882 0.825446 -0.270077 0.495683 
0.490722 0.0435778 -0.870227 0.246589 0.950973 0.186673 0.835697 -0.306193 0.455917 
0.35424 -0.0266894 -0.934776 0.219801 0.973967 0.0554864 0.908958 -0.225119 0.350883 
0.353895 -0.0133644 -0.935189 0.198799 0.978124 0.0612516 0.913914 -0.207591 0.348811 
0.303997 -0.00591609 -0.952656 0.183605 0.981598 0.0524933 0.934814 -0.19087 0.299489 
0.280756 -0.0131088 -0.959692 0.213506 0.975707 0.0491331 0.935732 -0.218694 0.276734 
0.278563 -0.0194712 -0.960222 0.20983 0.976877 0.0410632 0.937217 -0.212921 0.276207 
0.545303 0.019087 -0.838022 0.216261 0.962694 0.162648 0.809862 -0.269924 0.520831 
0.58807 0.0255599 -0.808407 0.186574 0.968259 0.166336 0.786998 -0.248645 0.564634 
0.595084 0.0280471 -0.803175 0.179942 0.969369 0.167172 0.783261 -0.244007 0.571808 
0.681829 0.00903408 -0.731456 0.174446 0.969068 0.174579 0.710408 -0.246633 0.659163 
0.747199 0.0402907 -0.663378 0.131402 0.969501 0.206888 0.651482 -0.241756 0.719115 
0.807322 0.0363804 -0.588991 0.105449 0.973141 0.204645 0.580614 -0.227323 0.7818 
0.845944 0.0179636 -0.532968 0.118017 0.968345 0.219959 0.520048 -0.248972 0.817046 
0.925946 0.0463458 -0.374805 0.0396933 0.975003 0.218624 0.375568 -0.217311 0.900959 
0.875958 0.0359681 -0.481045 0.0682149 0.97796 0.197339 0.477541 -0.205675 0.854197 
0.879306 0.00606481 -0.47622 0.0844086 0.982105 0.168362 0.468718 -0.188239 0.863059 
0.966687 0.0418096 -0.252528 0.0169767 0.973925 0.226236 0.255402 -0.222986 0.94077 
0.983559 0.052224 -0.172873 -0.0125476 0.974723 0.223067 0.180153 -0.21723 0.959352 
0.894185 0.0147484 -0.447454 0.07544 0.980202 0.183066 0.441297 -0.197451 0.87537 
0.940142 0.0290776 -0.33954 0.0358002 0.982413 0.183256 0.338898 -0.184443 0.922567 
0.974873 0.0327813 -0.220329 0.0193309 0.972931 0.230286 0.221914 -0.228759 0.947852 
0.983462 0.0423602 0.176093 -0.0744911 0.980827 0.180082 -0.165088 -0.190221 0.967762 
0.995783 0.0550403 -0.0733912 -0.025777 0.935661 0.351957 0.0880413 -0.348581 0.933135 
0.991905 0.0246191 0.124579 -0.0576693 0.961361 0.269183 -0.113139 -0.274189 0.954998 
0.978142 0.0507706 0.201646 -0.102821 0.96098 0.256802 -0.180739 -0.271922 0.945195 
0.957599 0.0296731 0.286572 -0.102769 0.964429 0.243548 -0.269151 -0.262673 0.926586 
0.934222 0.0442242 0.353944 -0.133919 0.963181 0.233127 -0.330602 -0.265193 0.905746 
0.938325 0.0550655 0.341343 -0.141566 0.96188 0.233983 -0.315446 -0.267874 0.910351 
0.918158 0.0484786 0.393237 -0.15179 0.959805 0.236085 -0.365986 -0.276454 0.888611 
0.895306 0.0532161 0.442264 -0.16711 0.960453 0.222725 -0.41292 -0.273312 0.868791 
0.872174 0.0446266 0.48716 -0.170777 0.960957 0.217715 -0.458423 -0.273081 0.845741 
0.865014 0.0653448 0.497477 -0.18797 0.961482 0.20055 -0.46521 -0.266989 0.843978 
0.829702 0.0725204 0.553479 -0.203506 0.962582 0.178946 -0.519791 -0.261107 0.813414 
0.815185 0.0689349 0.575085 -0.199899 0.96537 0.167639 -0.543613 -0.251615 0.800735 
0.814838 0.0727189 0.575111 -0.182707 0.973752 0.135741 -0.550144 -0.215682 0.806737 
0.791149 0.0828934 0.605981 -0.216624 0.964526 0.150877 -0.571978 -0.250636 0.78104 
0.984266 0.0358023 0.173028 -0.0678152 0.980805 0.182821 -0.163162 -0.191678 0.967801 
0.73887 0.0646354 0.670742 -0.209923 0.967934 0.13797 -0.640316 -0.242746 0.728746 
0.754782 0.0473058 0.654267 -0.181883 0.973383 0.139448 -0.630254 -0.224253 0.743297 
0.63642 0.0311896 0.770712 -0.114954 0.991859 0.0547847 -0.762729 -0.123463 0.634824 
0.712594 0.0510856 0.699714 -0.1681 0.980727 0.0995921 -0.68114 -0.18859 0.707447 
0.283451 -0.957378 -0.0555379 0.334433 0.044406 0.941372 -0.898782 -0.285406 0.332765 
0.442159 0.027875 0.896503 -0.176253 0.98273 0.0563726 -0.879449 -0.182937 0.439436 
0.399713 0.009195 0.916594 -0.109207 0.993306 0.0376591 -0.910113 -0.115151 0.398041 
0.258447 0.0289831 0.965591 -0.169985 0.985318 0.0159224 -0.950952 -0.168252 0.259578 
0.0650723 0.0296932 0.997439 -0.393371 0.919379 -0.00170599 -0.917074 -0.392252 0.0715063 
-0.0664561 0.0214967 0.997557 -0.136582 0.990162 -0.0304363 -0.988397 -0.138271 -0.0628664 
0.178102 -0.977004 -0.117235 0.799068 0.0740692 0.596661 -0.574257 -0.199945 0.793884 
0.540771 0.0571925 0.839223 -0.312524 0.939932 0.137326 -0.780958 -0.336539 0.526162 
-0.0201807 0.0256115 0.999468 -0.204506 0.978429 -0.0292017 -0.978657 -0.204986 -0.0145075 
-0.204061 0.0131901 0.97887 -0.196349 0.979039 -0.0541244 -0.959065 -0.203245 -0.197193 
-0.111968 0.0142911 0.993608 -0.183538 0.982396 -0.0348124 -0.976615 -0.186264 -0.107374 
-0.295276 0.0278934 0.955005 -0.165564 0.982958 -0.0799 -0.940958 -0.181707 -0.285625 
-0.373736 0.0184971 0.927351 -0.193416 0.976268 -0.0974222 -0.907145 -0.215774 -0.361289 
0.890895 0.0225001 -0.453651 0.0684233 0.980726 0.183014 0.449026 -0.194087 0.872185 
0.996727 0.0370576 0.0718583 -0.0513165 0.976766 0.208075 -0.062478 -0.211082 0.97547 
-0.411196 0.0286922 0.911096 -0.147364 0.984265 -0.0975048 -0.899556 -0.174356 -0.400498 
0.999135 0.0415847 8.48239e-007 -0.0406034 0.975553 0.215981 0.00898064 -0.215794 0.976398 
0.177802 -0.0140224 -0.983967 0.237614 0.970924 0.0291002 0.954948 -0.238978 0.175965 
-0.345766 0.0312217 0.937801 -0.122491 0.989392 -0.0781016 -0.930291 -0.141877 -0.338274 
-0.450931 0.0266775 0.89216 -0.0904118 0.993047 -0.0753918 -0.887967 -0.114658 -0.445384 
0.14804 -0.00947864 -0.988936 0.248833 0.968143 0.0279702 0.957166 -0.250221 0.145683 
-0.18866 0.00879001 -0.982003 0.232822 0.971852 -0.0360303 0.954043 -0.235429 -0.185395 
-0.124234 0.00421531 -0.992244 0.208099 0.977862 -0.0219008 0.970185 -0.209206 -0.122361 
-0.0937797 -0.0168064 -0.99545 0.204885 0.978131 -0.0358159 0.974283 -0.207312 -0.0882849 
0.0667385 -0.00740501 -0.997743 0.20022 0.979733 0.00612132 0.977476 -0.200176 0.0668686 
0.123452 -0.0236227 -0.992071 0.22062 0.975352 0.00422918 0.967516 -0.219393 0.125621 
-0.520266 0.0179074 0.853817 -0.136729 0.985136 -0.103976 -0.842988 -0.170837 -0.510084 
-0.571445 0.0131673 0.820534 -0.146959 0.982066 -0.118107 -0.807374 -0.188077 -0.559263 
-0.584582 0.0290016 0.810816 -0.134646 0.982035 -0.132203 -0.800084 -0.186456 -0.570175 
-0.704804 0.0336813 0.708601 -0.115878 0.97999 -0.161838 -0.699873 -0.196175 -0.686799 
-0.554978 0.0142887 -0.831741 0.163923 0.982125 -0.0925055 0.815553 -0.18768 -0.547401 
-0.602612 0.0186368 -0.797816 0.137967 0.987107 -0.0811515 0.786017 -0.158975 -0.597414 
-0.698025 0.0296216 -0.715461 0.148733 0.983352 -0.104395 0.700457 -0.179283 -0.690809 
-0.753627 0.0318929 -0.656529 0.155808 0.979023 -0.131293 0.638569 -0.201238 -0.742787 
-0.824201 0.00154201 -0.566295 0.112893 0.980372 -0.161639 0.554929 -0.197154 -0.808198 
-0.851486 0.011869 -0.524242 0.10341 0.983912 -0.145685 0.514079 -0.178261 -0.839016 
-0.892524 -0.00204 -0.450993 0.0973874 0.975526 -0.197144 0.440357 -0.219877 -0.870482 
-0.928936 0.00571089 -0.370198 0.0732651 0.982944 -0.16868 0.36292 -0.183816 -0.913511 
-0.721378 0.0418024 0.69128 -0.0960669 0.982486 -0.159662 -0.685846 -0.181586 -0.704728 
-0.760025 0.0328997 0.64906 -0.0898256 0.983815 -0.15505 -0.643656 -0.176145 -0.744768 
-0.808774 0.04514 0.586386 -0.0874512 0.976735 -0.195807 -0.581581 -0.209644 -0.78601 
-0.756728 0.035264 0.652779 -0.0973765 0.981324 -0.165895 -0.646437 -0.189103 -0.739161 
-0.784467 0.0478838 0.61832 -0.0964594 0.97546 -0.19792 -0.612623 -0.214904 -0.760596 
-0.823901 0.0550012 0.564059 -0.089893 0.969998 -0.225888 -0.55956 -0.236813 -0.794237 
-0.871796 0.0302485 0.488933 -0.0921498 0.970147 -0.224328 -0.481123 -0.240623 -0.842984 
-0.999464 -0.00846485 -0.031614 -0.000904026 0.972745 -0.231873 0.032715 -0.23172 -0.972232 
-0.884129 0.0319423 0.466149 -0.0921919 0.966122 -0.241059 -0.458057 -0.256103 -0.851232 
-0.992972 0.000891281 -0.118344 0.0243176 0.980171 -0.196655 0.115822 -0.198151 -0.973304 
-0.942514 -0.00310073 0.334153 -0.0961984 0.960145 -0.262429 -0.320021 -0.279488 -0.905247 
-0.976541 0.00152639 0.215325 -0.0588948 0.959953 -0.273904 -0.20712 -0.28016 -0.937343 
-0.99254 -0.018109 0.120565 -0.0537923 0.952491 -0.299777 -0.109408 -0.304026 -0.94636 
-0.986855 0.00264132 -0.161589 0.0466645 0.961935 -0.269264 0.154727 -0.273265 -0.949413 
-0.965737 -0.0155927 -0.259053 0.0491233 0.969165 -0.241465 0.25483 -0.245917 -0.935193 
-0.925563 -0.011735 -0.37841 0.0787385 0.971697 -0.222722 0.370314 -0.235939 -0.898443 
-0.963436 -0.0241023 -0.266852 0.0484927 0.963813 -0.26213 0.263513 -0.265486 -0.927404 
