0.836336 -0.00544 0.548195 0.144748 0.966659 -0.211238 -0.528767 0.256015 0.809237 
0.67812 -0.0107978 0.734874 0.170297 0.974989 -0.14282 -0.714951 0.221996 0.662998 
0.834583 -0.00520851 0.550857 0.144161 0.967175 -0.209268 -0.531685 0.254063 0.807938 
0.836613 -0.00554426 0.547768 0.142843 0.967564 -0.208372 -0.528845 0.252572 0.810268 
0.836623 -0.0057134 0.547751 0.143906 0.967117 -0.209711 -0.528541 0.254273 0.809934 
0.836589 -0.0048569 0.547813 0.1394 0.968935 -0.204293 -0.529802 0.247274 0.811275 
0.836375 -0.00567246 0.548127 0.145264 0.96649 -0.211654 -0.528559 0.256645 0.809173 
0.836101 -0.00472877 0.548556 0.138126 0.969561 -0.202172 -0.530903 0.244806 0.811304 
0.843519 -0.00994665 0.537007 -0.000824815 0.999803 0.0198143 -0.537099 -0.0171567 0.843346 
0.84284 -0.0110209 0.538052 0.0306998 0.999147 -0.0276247 -0.537289 0.0398017 0.84246 
0.843304 -0.0106685 0.537331 0.0192067 0.999763 -0.0102938 -0.537094 0.0190012 0.843309 
0.842831 -0.0112634 0.538062 0.0279024 0.999352 -0.0227873 -0.537456 0.0342187 0.842597 
0.678075 -0.00948908 0.734931 0.172461 0.974056 -0.146542 -0.714473 0.226114 0.66212 
0.678054 -0.0117975 0.734918 0.167881 0.975927 -0.139224 -0.715583 0.21778 0.663711 
0.677354 -0.00832324 0.735611 0.173985 0.973381 -0.149193 -0.714788 0.229042 0.660772 
0.835694 -0.0045427 0.549176 0.137039 0.97006 -0.200512 -0.531823 0.242825 0.811296 
0.871281 -0.00269451 0.490778 0.122277 0.969644 -0.211756 -0.475309 0.24451 0.84516 
0.833891 -0.00488949 0.551909 0.13897 0.969604 -0.201382 -0.534148 0.244629 0.809223 
0.835212 -0.00460519 0.549909 0.13634 0.970481 -0.198948 -0.532759 0.241138 0.811184 
0.83456 -0.00468645 0.550897 0.136057 0.970744 -0.197856 -0.533853 0.240076 0.810781 
0.83328 -0.00491815 0.55283 0.138827 0.969782 -0.200626 -0.535138 0.243925 0.808782 
0.832731 -0.00464276 0.553657 0.138546 0.9699 -0.200248 -0.536063 0.24346 0.808309 
0.831924 -0.00518205 0.554864 0.139475 0.969805 -0.200062 -0.537073 0.243826 0.807528 
0.871428 -0.0030232 0.490514 0.122917 0.969424 -0.212394 -0.474873 0.245378 0.845154 
0.870767 -0.00210925 0.491692 0.122134 0.969578 -0.212135 -0.476287 0.244772 0.844534 
0.870448 -0.000709137 0.49226 0.121167 0.969541 -0.212859 -0.477116 0.244929 0.844021 
0.836376 -0.00392808 0.548143 0.198684 0.934149 -0.296465 -0.510882 0.356863 0.782079 
0.836332 -0.00346221 0.548213 0.205434 0.929096 -0.307534 -0.508278 0.369822 0.777744 
0.836281 -0.00303917 0.548293 0.211637 0.924279 -0.317674 -0.50581 0.381704 0.773601 
0.835355 -0.00372572 0.5497 0.225973 0.913908 -0.337207 -0.501118 0.405904 0.764279 
0.836111 -0.0047928 0.54854 0.213071 0.924285 -0.316697 -0.50549 0.381672 0.773826 
0.836227 -0.00237892 0.548378 0.216969 0.919827 -0.326868 -0.503636 0.392318 0.7697 
0.836193 -0.00222219 0.54843 0.221295 0.916339 -0.333696 -0.501807 0.400399 0.766728 
0.869948 0.00145572 0.493142 0.121824 0.968369 -0.217767 -0.47786 0.249522 0.842253 
0.869184 -0.00175219 0.494485 0.125425 0.968072 -0.217037 -0.478317 0.250666 0.841653 
0.868611 -0.00463647 0.495471 0.128166 0.968027 -0.21563 -0.47863 0.250801 0.841434 
0.868083 -0.00578293 0.496386 0.130476 0.967434 -0.216906 -0.478966 0.253059 0.840567 
0.874584 -0.00639829 0.484831 0.129762 0.966529 -0.221322 -0.467188 0.256477 0.846142 
0.904049 -0.00571884 0.427392 0.115517 0.965971 -0.231423 -0.411525 0.258589 0.873945 
0.587286 -0.00667331 0.809352 0.188901 0.973479 -0.129045 -0.787027 0.228674 0.572973 
0.835402 -0.00400294 0.549626 0.217876 0.920466 -0.324456 -0.504613 0.390801 0.769831 
0.79917 -0.00162356 0.601104 0.244277 0.914579 -0.322297 -0.549233 0.404405 0.7313 
0.668755 -0.00523344 0.743465 0.326354 0.900554 -0.28722 -0.668027 0.434712 0.603958 
0.669054 -0.0054783 0.743193 0.336174 0.89406 -0.296048 -0.662837 0.447914 0.600016 
0.668556 -0.00428336 0.74365 0.319005 0.904959 -0.281579 -0.671766 0.425479 0.606381 
0.668496 -0.00294827 0.74371 0.316929 0.905778 -0.281287 -0.672807 0.423743 0.606444 
0.952058 -0.00332381 0.3059 0.0831417 0.965115 -0.248277 -0.294404 0.261807 0.919122 
0.400206 -0.00527036 0.916411 0.208754 0.974219 -0.0855623 -0.892333 0.225547 0.390987 
0.400055 -0.00633677 0.91647 0.209906 0.97403 -0.0848927 -0.89213 0.226334 0.390995 
0.390484 -0.00746136 0.92058 0.209829 0.974368 -0.0811058 -0.896379 0.224835 0.38204 
0.321106 -0.00849145 0.947006 0.211407 0.97537 -0.0629369 -0.923146 0.220413 0.314992 
0.279157 -0.0105063 0.960189 0.209254 0.976574 -0.0501511 -0.937168 0.214924 0.274815 
0.280602 -0.0109092 0.959762 0.207444 0.976992 -0.0495448 -0.937139 0.212999 0.276409 
0.281308 -0.0124868 0.959536 0.208571 0.976807 -0.0484354 -0.936677 0.213757 0.277388 
0.266555 -0.0121719 0.963744 0.199277 0.979011 -0.0427519 -0.942994 0.203447 0.263386 
0.282859 -0.0136239 0.959065 0.200717 0.978601 -0.0452963 -0.937925 0.205313 0.279541 
0.668483 -0.00162182 0.743726 0.312368 0.908133 -0.278785 -0.67495 0.418679 0.607578 
0.667506 -0.000960524 0.744604 0.310823 0.909066 -0.277467 -0.676628 0.416652 0.607105 
0.666728 -0.000228047 0.745301 0.309219 0.909956 -0.27634 -0.678129 0.414705 0.606763 
0.665068 0.000851367 0.746783 0.30881 0.910181 -0.276057 -0.679942 0.41421 0.605069 
0.709003 0.000204104 0.705206 0.285252 0.914458 -0.287053 -0.644939 0.404682 0.648295 
0.665717 -7.72857e-005 0.746204 0.308816 0.910374 -0.275412 -0.679304 0.413786 0.606075 
0.665046 0.000759099 0.746803 0.305266 0.912363 -0.272774 -0.681562 0.40938 0.606532 
0.045023 -0.0148786 0.998875 0.197926 0.9802 0.0056793 -0.979182 0.197447 0.0470768 
0.0425694 -0.0167052 0.998954 0.198674 0.980034 0.00792276 -0.979141 0.198129 0.0450384 
0.0164179 -0.0146581 0.999757 0.197465 0.980247 0.0111293 -0.980173 0.197234 0.0189885 
0.988554 -0.000635561 0.150868 0.0404984 0.964408 -0.261301 -0.145332 0.26442 0.953394 
0.999999 0.00158157 -2.25754e-006 -0.00152402 0.963289 -0.268463 -0.000422736 0.268463 0.96329 
0.99984 0.0010256 -0.0179014 -0.00580724 0.963075 -0.269172 0.0169641 0.269232 0.962926 
0.999854 -0.00200068 -0.0169764 -0.00263841 0.963162 -0.268909 0.0168887 0.268915 0.963016 
0.999832 -0.00757924 -0.0167157 0.00279657 0.963032 -0.269374 0.0181395 0.269282 0.962891 
0.97474 -0.00795112 -0.223206 -0.0535689 0.961873 -0.2682 0.216827 0.273382 0.937149 
0.962253 -0.00778113 -0.272043 -0.0670154 0.962038 -0.264559 0.263775 0.272803 0.925204 
0.962016 -0.00725342 -0.272901 -0.0674472 0.962343 -0.263339 0.264534 0.271742 0.925299 
0.957729 -0.00994397 -0.287501 -0.0702467 0.961064 -0.267249 0.278964 0.276148 0.91974 
0.962805 -0.00968797 -0.270024 -0.0637176 0.963031 -0.261746 0.262577 0.269215 0.926594 
0.961953 -0.00716362 -0.273122 -0.0660718 0.963886 -0.257991 0.265107 0.266221 0.926739 
0.96207 -0.00757825 -0.272698 -0.0650311 0.964426 -0.256228 0.26494 0.264243 0.927353 
0.962272 -0.00795825 -0.271975 -0.0651284 0.963778 -0.258632 0.264182 0.266587 0.926899 
0.962474 -0.00873976 -0.271238 -0.064237 0.96374 -0.258995 0.263666 0.266699 0.927012 
0.899406 -0.00985746 -0.437003 -0.113336 0.960297 -0.254921 0.422167 0.278806 0.86258 
0.885889 -0.00794624 -0.463829 -0.122626 0.960278 -0.250662 0.447396 0.278936 0.849725 
0.91884 -0.0105157 -0.394493 -0.101162 0.959967 -0.261211 0.381446 0.279918 0.880991 
-0.099669 -0.018603 0.994847 0.193249 0.980426 0.0376937 -0.976075 0.19601 -0.0941225 
0.862835 -0.00521065 -0.505459 -0.139296 0.958779 -0.247667 0.485914 0.284104 0.826542 
0.804568 -0.00526817 -0.593838 -0.165845 0.958182 -0.233197 0.570234 0.286108 0.770049 
0.803838 -0.0060117 -0.594817 -0.165034 0.95844 -0.232714 0.571496 0.28523 0.769439 
0.803562 -0.00944551 -0.595147 -0.161564 0.958875 -0.23336 0.572875 0.283673 0.768989 
0.80319 -0.0122966 -0.595596 -0.15957 0.958812 -0.234983 0.573954 0.283775 0.768146 
0.802827 -0.0118859 -0.596094 -0.167535 0.95502 -0.24468 0.57219 0.296302 0.764725 
0.802844 -0.0122904 -0.596063 -0.165693 0.955801 -0.242882 0.572702 0.29376 0.765322 
0.803154 -0.0126226 -0.595638 -0.167494 0.954669 -0.246079 0.571742 0.297405 0.764631 
0.802956 -0.0123935 -0.595909 -0.167894 0.954597 -0.246082 0.571903 0.297643 0.764419 
0.802733 -0.0118963 -0.596221 -0.16547 0.956098 -0.24186 0.572923 0.292806 0.765523 
0.803046 -0.011654 -0.595804 -0.163879 0.95694 -0.2396 0.572941 0.29005 0.766558 
0.803525 -0.0116223 -0.595158 -0.163891 0.95685 -0.239955 0.572266 0.290351 0.766948 
0.803978 -0.0116137 -0.594545 -0.164995 0.956197 -0.241794 0.571311 0.292494 0.766845 
0.804973 -0.0119765 -0.593191 -0.167376 0.954605 -0.246406 0.569213 0.297636 0.766426 
0.804988 -0.0128689 -0.593151 -0.162264 0.956872 -0.240975 0.570671 0.290228 0.768182 
0.789251 -0.0120451 -0.613953 -0.173982 0.954453 -0.242384 0.588908 0.298118 0.751208 
0.804851 -0.0124277 -0.593347 -0.162491 0.956963 -0.240456 0.5708 0.289945 0.768193 
0.804143 -0.013301 -0.594287 -0.163836 0.956068 -0.243089 0.571412 0.292844 0.766636 
0.771029 -0.0130298 -0.636666 -0.179833 0.954641 -0.237322 0.61088 0.297476 0.733713 
0.752782 -0.0145982 -0.658108 -0.185245 0.954654 -0.23307 0.631667 0.297363 0.715942 
0.734314 -0.0168229 -0.678602 -0.1901 0.954595 -0.229371 0.651648 0.297432 0.697774 
0.713326 -0.0181582 -0.700598 -0.196177 0.954528 -0.22448 0.672816 0.297568 0.677327 
0.667319 -0.0195611 -0.744515 -0.209066 0.954541 -0.212468 0.714826 0.297437 0.632894 
0.690112 -0.0191567 -0.72345 -0.202828 0.954467 -0.218755 0.694699 0.297701 0.654803 
0.644581 -0.0248079 -0.764134 -0.211445 0.954704 -0.209358 0.734715 0.29652 0.610139 
0.654639 -0.0202527 -0.755671 -0.21161 0.954766 -0.208907 0.72572 0.296666 0.620741 
0.634591 -0.0150641 -0.772702 -0.223049 0.953696 -0.201774 0.739962 0.300394 0.601847 
0.634874 -0.0234332 -0.77226 -0.216408 0.954136 -0.206861 0.741688 0.298454 0.600686 
0.634532 -0.0279765 -0.77239 -0.21436 0.95377 -0.210647 0.742575 0.299232 0.599201 
0.633541 -0.0143772 -0.773576 -0.22274 0.95411 -0.200151 0.740955 0.29911 0.601266 
0.804432 -0.0132792 -0.593897 -0.162816 0.956538 -0.241921 0.571297 0.291305 0.767308 
0.609433 -0.0171118 -0.792654 -0.226553 0.954323 -0.194787 0.75978 0.298288 0.577718 
0.608639 -0.0222245 -0.793136 -0.224027 0.954123 -0.198651 0.761164 0.298591 0.575737 
0.584377 -0.0219761 -0.811185 -0.22778 0.955002 -0.189965 0.778858 0.295783 0.553076 
0.574513 -0.0241244 -0.81814 -0.233932 0.953031 -0.192373 0.784354 0.30191 0.541885 
0.562728 -0.0239173 -0.826296 -0.239426 0.952021 -0.190612 0.791209 0.305099 0.530002 
0.562112 -0.0225274 -0.826755 -0.239798 0.95225 -0.188986 0.791535 0.304486 0.529869 
0.586222 -0.0239034 -0.809798 -0.228584 0.954072 -0.193637 0.777234 0.298622 0.553834 
0.562503 -0.0233476 -0.826466 -0.241305 0.951445 -0.191113 0.790799 0.306931 0.529556 
0.585384 -0.0231388 -0.810426 -0.224942 0.955715 -0.189766 0.778927 0.293384 0.554255 
0.584782 -0.0222512 -0.810886 -0.224018 0.956321 -0.187795 0.779645 0.291472 0.554254 
0.561934 -0.0169469 -0.827008 -0.243097 0.952257 -0.184692 0.790654 0.304828 0.530986 
0.561583 -0.0242566 -0.827065 -0.235509 0.953539 -0.187878 0.793196 0.30029 0.529779 
0.56173 -0.0190492 -0.827102 -0.240148 0.952936 -0.185045 0.7917 0.302572 0.530718 
0.487221 -0.0255375 -0.872904 -0.246613 0.954863 -0.165585 0.837733 0.295946 0.458932 
0.487984 -0.0256899 -0.872475 -0.246078 0.954972 -0.165753 0.837447 0.295581 0.459689 
0.488712 -0.025703 -0.872067 -0.250142 0.953472 -0.168283 0.835817 0.300383 0.459544 
0.466908 -0.0260276 -0.883923 -0.254696 0.953252 -0.162605 0.846833 0.301053 0.438452 
0.455654 -0.026553 -0.889761 -0.257636 0.95284 -0.160373 0.852058 0.302309 0.427324 
0.45285 -0.0270204 -0.891177 -0.257701 0.952912 -0.159842 0.853532 0.302042 0.424563 
0.452821 -0.0273065 -0.891183 -0.257157 0.953054 -0.159867 0.853712 0.301565 0.424541 
0.453004 -0.0280315 -0.891068 -0.256781 0.953046 -0.160524 0.853728 0.301527 0.424535 
0.453175 -0.0283183 -0.890972 -0.256396 0.953119 -0.160704 0.853753 0.301268 0.424668 
0.452872 -0.0276791 -0.891146 -0.257039 0.953026 -0.160226 0.85372 0.301621 0.424485 
0.455662 -0.0262452 -0.889766 -0.257523 0.952935 -0.15999 0.852088 0.302036 0.427458 
0.541055 -0.0247736 -0.840623 -0.237879 0.954238 -0.181229 0.806643 0.298021 0.510402 
0.995237 -0.00814294 -0.0971418 -0.0183449 0.963056 -0.268676 0.0957408 0.269179 0.95832 
0.0997088 -0.0164846 0.99488 0.199203 0.979951 -0.00372724 -0.974873 0.198555 0.100994 
-0.287298 -0.0311078 0.957336 0.172756 0.981399 0.0837343 -0.942133 0.189443 -0.27658 
