# Camera parameter file. 

# The format of each camera is as follows:
# Filename (of the undistorted image in visualize folder)
# Original filename
# Focal Length (of the undistorted image)
# 2-vec Principal Point (image center)
# 3-vec Translation T (as in P = K[R T])
# 3-vec Camera Position C (as in P = K[R -RC])
# 3-vec Axis Angle format of R
# 4-vec Quaternion format of R
# 3x3 Matrix format of R
# [Normalized radial distortion] = [radial distortion] * [focal length]^2
# 3-vec Lat/Lng/Alt from EXIF

# The nubmer of cameras in this reconstruction
560

00000000.jpg
E:\zhaochen\VisualSFM_windows_64bit\graham-hall\533.JPG
764.75604248
562 374.5
-0.821254134178 -3.31372737885 -6.52745342255
-1.89281654358 1.08874201775 -7.03527021408
-0.00787088755897 2.94856932944 -0.482143041469
0.0768867593781 -0.00262666080992 0.983992141288 -0.160900053814
-0.988164365292 0.0195730887353 0.152157098055
-0.0299112461507 0.948213756084 -0.316230714321
-0.150466769934 -0.317038536072 -0.936403095722
0.0804578787645
0 0 0

00000001.jpg
E:\zhaochen\VisualSFM_windows_64bit\graham-hall\542.JPG
763.947265625
562 374.5
-2.46667933464 -3.44692540169 -6.49619483948
-2.72537493706 1.06218004227 -7.18404722214
0.0270050989613 3.05272586207 -0.542407051555
0.0214715399116 0.00871311883353 0.98495336901 -0.175006101741
-0.998926639557 0.0246704500169 0.0392486900091
0.00963984802365 0.9386729002 -0.344674229622
-0.045345172286 -0.343925893307 -0.937902152538
0.0773598912287
0 0 0

00000002.jpg
E:\zhaochen\VisualSFM_windows_64bit\graham-hall\532.JPG
766.135559082
562 374.5
-2.01508998871 -2.97227454185 -7.77617073059
-2.76299381256 1.02557516098 -8.04227352142
-0.0111012313214 3.02717043366 -0.369185068963
0.0459625121552 -0.00363633625326 0.991584561571 -0.120930823939
-0.995751917362 0.00389590114355 0.0920321196318
-0.0183372367173 0.970729589462 -0.239494696259
-0.0902707502246 -0.240163236856 -0.966527462006
0.0724814506338
0 0 0

00000003.jpg
E:\zhaochen\VisualSFM_windows_64bit\graham-hall\812.JPG
766.210449219
562 374.5
-0.699954390526 -3.49013137817 -6.90237522125
-1.65233147144 1.0631403923 -7.51356744766
0.027486088786 2.96330350804 -0.503371563136
0.0678570410362 0.00912335158601 0.983597920037 -0.167082184179
-0.990625500679 0.0406191833317 0.13043987751
-0.00473162718117 0.944008052349 -0.329900324345
-0.136536300182 -0.327423989773 -0.934964239597
0.0750704115267
0 0 0

00000004.jpg
E:\zhaochen\VisualSFM_windows_64bit\graham-hall\810.JPG
770.302856445
562 374.5
3.09620547295 0.647837400436 -7.58518075943
-2.21012473106 1.0054744482 -7.85149288177
-1.96474728221 1.86338376006 0.0867944125591
0.214511092259 -0.708328588865 0.671785120269 0.0312910287882
0.0954699218273 -0.965097844601 0.243883162737
-0.938248753548 -0.00539663666859 0.345929533243
-0.332538276911 -0.261847823858 -0.906013250351
0.0800306733169
0 0 0

00000005.jpg
E:\zhaochen\VisualSFM_windows_64bit\graham-hall\808.JPG
769.039367676
562 374.5
3.02649450302 -3.11252832413 -8.27287578583
-3.04265880585 0.938231945038 -8.78352737427
-2.04916126743 2.1207750729 -0.268395621113
0.0901223093668 -0.689210245245 0.713296669877 -0.0902715734432
-0.0338036827743 -0.966878771782 0.252996921539
-0.999420702457 0.0337507687509 -0.00455125793815
-0.00413885107264 -0.253004133701 -0.967458963394
0.0756458469878
0 0 0

00000006.jpg
E:\zhaochen\VisualSFM_windows_64bit\graham-hall\807.JPG
769.87121582
562 374.5
3.14376688004 0.441447526217 -8.73932647705
-3.0961458683 0.936544179916 -8.7172832489
-1.86752090668 1.91465317677 0.146045436038
0.22944350132 -0.678605290812 0.695731850271 0.0530688600268
0.0262911338359 -0.968600869179 0.247238352895
-0.919895648956 0.0733658969402 0.385245203972
-0.391286253929 -0.237561091781 -0.889079749584
0.0676599076981
0 0 0

00000007.jpg
E:\zhaochen\VisualSFM_windows_64bit\graham-hall\805.JPG
769.304992676
562 374.5
3.02097558975 -5.12392663956 -8.49889278412
-3.9892334938 0.853903532028 -9.53779029846
-2.07060682874 2.18218785868 -0.405442405322
0.0532515823432 -0.681265987664 0.717978104862 -0.133397667229
-0.0663191899657 -0.963818311691 0.258188307285
-0.992232859135 0.0364078320563 -0.118957974017
0.105254426599 -0.264071941376 -0.958745718002
0.072543172727
0 0 0

00000008.jpg
E:\zhaochen\VisualSFM_windows_64bit\graham-hall\804.JPG
769.095947266
562 374.5
3.52320623398 -0.57750916481 -9.75895404816
-4.01973772049 0.851083040237 -9.54471206665
-1.94959945085 1.88358470696 0.0768405243184
0.213176753747 -0.702369463125 0.678586762425 0.0276828339217
0.0775208845735 -0.965028464794 0.250430941582
-0.941423118114 0.0118362084031 0.337027996778
-0.328204751015 -0.26188737154 -0.907579779625
0.0611239869142
0 0 0

00000009.jpg
E:\zhaochen\VisualSFM_windows_64bit\graham-hall\809.JPG
769.96484375
562 374.5
2.5564467907 -6.04046010971 -6.59304428101
-2.99502468109 0.94549536705 -8.75368690491
2.03978399023 -2.1638310702 0.660114703613
0.047798570173 0.668903441486 -0.709582022694 0.216470468999
-0.100660167634 -0.969903230667 0.221724197268
-0.928515315056 0.0115251075476 -0.371120750904
0.357392221689 -0.243230238557 -0.901726126671
0.0614614491142
0 0 0

00000010.jpg
E:\zhaochen\VisualSFM_windows_64bit\graham-hall\806.JPG
770.25201416
562 374.5
2.28240251541 -7.82238483429 -6.34463310242
-3.93158841133 0.860732197762 -9.51080322266
1.95135455263 -2.13934210407 0.736373072986
0.0768223371188 0.651178196951 -0.713910720176 0.24573191443
-0.140115618706 -0.967539548874 0.21034091711
-0.892028748989 0.0311547201127 -0.450908452272
0.429718077183 -0.25080832839 -0.867432415485
0.0605325046361
0 0 0

00000011.jpg
E:\zhaochen\VisualSFM_windows_64bit\graham-hall\802.JPG
768.220581055
562 374.5
3.35878634453 -6.82287454605 -8.21625900269
-4.91447591782 0.823425769806 -10.0254812241
-2.09958854851 2.17748199889 -0.537010764607
0.0349590063228 -0.683117565572 0.708460809245 -0.174720654894
-0.0645504370332 -0.955395996571 0.288200378418
-0.979828238487 0.00594398519024 -0.199755951762
0.189132034779 -0.295280396938 -0.936505019665
0.0711147616958
0 0 0

00000012.jpg
E:\zhaochen\VisualSFM_windows_64bit\graham-hall\803.JPG
770.603637695
562 374.5
1.85052466393 -9.66162490845 -5.22530603409
-4.89023399353 0.842765688896 -9.97251701355
1.85573067892 -2.05072786718 0.818831303513
0.128270673949 0.638065978789 -0.705112923266 0.281543223419
-0.152863427997 -0.972019314766 0.17837947607
-0.827564358711 0.0272470973432 -0.560712635517
0.54016071558 -0.233332023025 -0.808570206165
0.0595568667992
0 0 0

00000013.jpg
E:\zhaochen\VisualSFM_windows_64bit\graham-hall\799.JPG
767.971801758
562 374.5
3.46120476723 -8.04183006287 -7.74323320389
-5.52209949493 0.80499124527 -10.269733429
-2.09935781064 2.19226930897 -0.640665955383
0.0200563425263 -0.676753475505 0.706704624894 -0.206526448109
-0.0836402848363 -0.947797179222 0.307711005211
-0.964365839958 -0.000796668115072 -0.264582037926
0.251015365124 -0.318874835968 -0.913954019547
0.0689290340842
0 0 0

00000014.jpg
E:\zhaochen\VisualSFM_windows_64bit\graham-hall\800.JPG
769.649047852
562 374.5
1.88491642475 -10.4702529907 -4.71060991287
-5.48324871063 0.822585105896 -10.228729248
1.83750354359 -2.03152536731 0.869374224636
0.133464143721 0.633663817389 -0.700572319365 0.299804042199
-0.161337390542 -0.967862248421 0.192931413651
-0.807809889317 0.017209161073 -0.589195489883
0.566936552525 -0.250909894705 -0.784621059895
0.0610460711672
0 0 0

00000015.jpg
E:\zhaochen\VisualSFM_windows_64bit\graham-hall\797.JPG
769.671936035
562 374.5
1.92613565922 -11.1314306259 -4.56407403946
-5.99943065643 0.798900008202 -10.5744419098
1.84073888201 -2.01457402159 0.879750087114
0.136792847445 0.635975652468 -0.696035728015 0.303953831328
-0.15367294848 -0.968457758427 0.196171477437
-0.80214291811 0.00633307173848 -0.597102224827
0.577022314072 -0.2491145432 -0.77781099081
0.0645894236016
0 0 0

00000016.jpg
E:\zhaochen\VisualSFM_windows_64bit\graham-hall\811.JPG
769.481262207
562 374.5
2.82897186279 -3.3237361908 -6.9384059906
-2.16382169724 1.00475287437 -7.8422293663
-2.11371365962 2.17808524356 -0.436786872969
0.0380332104958 -0.689016116659 0.709999592159 -0.142381250957
-0.0481547452509 -0.967017948627 0.25013011694
-0.988678812981 0.0105161201209 -0.149684101343
0.142115861177 -0.254506081343 -0.956575274467
0.0795643509932
0 0 0

00000017.jpg
E:\zhaochen\VisualSFM_windows_64bit\graham-hall\796.JPG
768.188659668
562 374.5
3.79071760178 -7.68889141083 -8.75852012634
-6.0468120575 0.775413751602 -10.6318283081
-2.07678568985 2.13663670349 -0.520180001348
0.0585577434434 -0.685496306163 0.705251666078 -0.171698731942
-0.0535131134093 -0.94660025835 0.317942082882
-0.986817419529 0.00142574205529 -0.161846503615
0.152750298381 -0.322410970926 -0.934196591377
0.0710944111153
0 0 0

00000018.jpg
E:\zhaochen\VisualSFM_windows_64bit\graham-hall\530.JPG
768.571105957
562 374.5
-3.8549990654 -5.05235958099 -7.5702624321
-3.53406453133 0.908490180969 -9.18594551086
-0.0186506978753 -3.01734493224 0.754432641659
0.0164346721233 -0.0059986643919 -0.970475192085 0.242649806128
-0.999389410019 0.0036712854635 -0.034810770303
0.0196227654815 0.882289528847 -0.470303565264
0.0289869960397 -0.470697909594 -0.881819725037
0.0734425193849
0 0 0

00000019.jpg
E:\zhaochen\VisualSFM_windows_64bit\graham-hall\529.JPG
764.913818359
562 374.5
-3.7916727066 -2.8485660553 -8.75674915314
-3.527146101 0.941383719444 -9.26527309418
0.0174839756383 -3.09789771603 0.320736018888
0.0157560574221 0.00562101604372 -0.995959564567 0.103115123543
-0.999442398548 -0.014410128817 -0.0302291512489
-0.00791137758642 0.978734374046 -0.204992696643
0.0325404331088 -0.204638436437 -0.978298962116
0.0701051217731
0 0 0

00000020.jpg
E:\zhaochen\VisualSFM_windows_64bit\graham-hall\526.JPG
764.561218262
562 374.5
-1.33047997952 -3.4592256546 -9.69090652466
-1.59353375435 0.924749612808 -10.2105894089
0.020085447227 3.08727377866 -0.396121073189
0.0145284186445 0.00645240251979 0.99177941539 -0.127252959912
-0.999495148659 0.0164879579097 0.0271765105426
0.00909282080829 0.967535853386 -0.252581715584
-0.0304594356567 -0.252206742764 -0.967196404934
0.0661162562579
0 0 0

00000021.jpg
E:\zhaochen\VisualSFM_windows_64bit\graham-hall\527.JPG
767.297546387
562 374.5
-1.28681433201 -6.02901029587 -8.25139427185
-1.5912951231 0.890470027924 -10.137345314
-0.0188774334376 3.00281976866 -0.836147382737
0.013652242461 -0.00606099315523 0.96411782483 -0.268462531217
-0.99955368042 -0.00436597364023 0.0295813139528
-0.0190264359117 0.856045782566 -0.516553878784
-0.0230681672692 -0.516884863377 -0.855746567249
0.0658835401869
0 0 0

00000022.jpg
E:\zhaochen\VisualSFM_windows_64bit\graham-hall\543.JPG
766.16003418
562 374.5
-4.5495595932 -3.89247345924 -6.85867166519
-4.17824316025 0.974803447723 -8.03017807007
-0.0322618199673 -3.04075798868 0.614799595304
0.0210195011691 -0.0104062481505 -0.980815162557 0.198307384953
-0.998901844025 0.0120444241911 -0.0453532710671
0.0287177134305 0.921282827854 -0.38783916831
0.037111710757 -0.388714104891 -0.920613706112
0.0803654767677
0 0 0

00000023.jpg
E:\zhaochen\VisualSFM_windows_64bit\graham-hall\813.JPG
766.907226563
562 374.5
0.244818970561 -3.62584710121 -6.3411397934
-1.02832901478 1.09484314919 -7.15268802643
-0.0514560727047 2.9178403172 -0.544308668646
0.0863496261679 -0.0172682513264 0.979204149854 -0.182665687357
-0.984492480755 -0.00227885693312 0.175417616963
-0.065371312201 0.932672202587 -0.354765921831
-0.162798032165 -0.360730350018 -0.918354690075
0.0694409328911
0 0 0

00000024.jpg
E:\zhaochen\VisualSFM_windows_64bit\graham-hall\814.JPG
766.840270996
562 374.5
1.14800560474 -3.38888144493 -6.06643486023
-0.406497240067 1.13074064255 -6.93978404999
-0.0524824953368 2.87557960846 -0.502253444
0.110784911941 -0.0178654687642 0.978870713832 -0.170971162059
-0.974816262722 0.00290420232341 0.222997248173
-0.0728598982096 0.940904140472 -0.330756157637
-0.210779175162 -0.338673055172 -0.916994690895
0.0737231979586
0 0 0

00000025.jpg
E:\zhaochen\VisualSFM_windows_64bit\graham-hall\815.JPG
767.283508301
562 374.5
1.71399712563 -3.42996692657 -5.89719581604
0.0781605243683 1.1434776783 -6.9401679039
-0.0161957594332 2.85064965897 -0.509999082349
0.122511774976 -0.00555042272035 0.976941569193 -0.174780966938
-0.96992212534 0.0319787599146 0.241314277053
-0.0536721460521 0.938845336437 -0.340141147375
-0.237433105707 -0.342861115932 -0.908886671066
0.0723945224093
0 0 0

00000026.jpg
E:\zhaochen\VisualSFM_windows_64bit\graham-hall\816.JPG
767.252868652
562 374.5
3.06059575081 -3.52884912491 -5.34248256683
0.581725478172 1.15293478966 -6.97816228867
-0.00344909082959 2.70249179644 -0.522169838729
0.193346658924 -0.00122945374524 0.963323039253 -0.186131272152
-0.92523175478 0.0696071684361 0.372968405485
-0.0743442699313 0.930710673332 -0.358126282692
-0.372052758932 -0.359077125788 -0.855947196484
0.0747445948576
0 0 0

00000027.jpg
E:\zhaochen\VisualSFM_windows_64bit\graham-hall\817.JPG
767.591125488
562 374.5
4.17410516739 -3.25186729431 -5.17294359207
1.08744955063 1.15585029125 -7.22764825821
-0.0582624943594 2.63349346747 -0.469852831023
0.230838349961 -0.0211864731818 0.957639032389 -0.170856474878
-0.892532169819 0.0383009426296 0.44936004281
-0.119459964335 0.940723061562 -0.317457169294
-0.434879213572 -0.337019771338 -0.835045516491
0.0754900068087
0 0 0

00000028.jpg
E:\zhaochen\VisualSFM_windows_64bit\graham-hall\794.JPG
768.033752441
562 374.5
2.21616530418 -10.4664888382 -6.74205160141
-6.50519275665 0.782243013382 -10.8159656525
1.98496056993 -2.14475609457 0.698081107864
0.0685163466786 0.659120385295 -0.712181634654 0.23180283566
-0.121790103614 -0.970528423786 0.207956776023
-0.906999289989 0.023723885417 -0.420467346907
0.403141111135 -0.239825263619 -0.883155822754
0.0644345952667
0 0 0

00000029.jpg
E:\zhaochen\VisualSFM_windows_64bit\graham-hall\544.JPG
766.287902832
562 374.5
-6.8166103363 -3.69730687141 -7.05197811127
-5.74053001404 0.885841608047 -8.72517490387
-0.0430913238386 -2.96298250069 0.562305009132
0.0627259699415 -0.0142591633059 -0.980467704083 0.186069914746
-0.991725742817 0.00462099770084 -0.128308296204
0.0513066612184 0.930357635021 -0.363053590059
0.117694854736 -0.366631269455 -0.922893702984
0.0761206587476
0 0 0

00000030.jpg
E:\zhaochen\VisualSFM_windows_64bit\graham-hall\795.JPG
767.631408691
562 374.5
3.75177598 -4.07443094254 -10.9831209183
-6.11310386658 0.788476467133 -10.6449356079
-2.01307517778 1.98058534587 -0.081130755172
0.157551571685 -0.703650615848 0.692294114866 -0.0283584569871
0.0398713052273 -0.965310096741 0.258050113916
-0.983181774616 0.0081664994359 0.18246050179
-0.178237989545 -0.260984539986 -0.948747813702
0.0582931284399
0 0 0

00000031.jpg
E:\zhaochen\VisualSFM_windows_64bit\graham-hall\793.JPG
769.10546875
562 374.5
1.45814299583 -11.230093956 -6.85768318176
-6.99631786346 0.763069033623 -11.2133483887
1.9193035143 -2.15987416777 0.66283328006
0.088465590144 0.644905919214 -0.725740157915 0.222718867849
-0.152570903301 -0.975445330143 0.158851623535
-0.896633505821 0.0690187066793 -0.437368422747
0.41566374898 -0.209160491824 -0.88514316082
0.0636587939985
0 0 0

00000032.jpg
E:\zhaochen\VisualSFM_windows_64bit\graham-hall\798.JPG
768.456298828
562 374.5
3.42817234993 -3.03655815125 -10.7819042206
-5.58573627472 0.802710533142 -10.2654047012
-1.95961752157 1.98787997055 -0.0101100536797
0.174225302539 -0.691294008513 0.701264148824 -0.00356652227161
0.0164582058787 -0.968293368816 0.249283999205
-0.970778882504 0.0442267768085 0.2358828336
-0.239427834749 -0.245880797505 -0.939267158508
0.0590275180335
0 0 0

00000033.jpg
E:\zhaochen\VisualSFM_windows_64bit\graham-hall\801.JPG
767.90838623
562 374.5
3.72524404526 -1.77189314365 -10.4390983582
-4.983335495 0.818233251572 -10.0244369507
-1.91493020941 1.93340380067 0.0276232219917
0.208587840707 -0.688195847573 0.694834966186 0.00992735222302
0.034228336066 -0.960491538048 0.276203155518
-0.952208638191 0.0525936968625 0.300895512104
-0.303533345461 -0.273301631212 -0.912786483765
0.060499710939
0 0 0

00000034.jpg
E:\zhaochen\VisualSFM_windows_64bit\graham-hall\524.JPG
768.703369141
562 374.5
1.84010255337 -5.83990430832 -8.439702034
0.358510017395 0.941606044769 -10.3780813217
0.0178617222167 2.88956237668 -0.750072529562
0.0781186101208 0.00596514853674 0.965005981729 -0.250496228633
-0.98772418499 0.0506479553878 0.147781640291
-0.0276257134974 0.874449849129 -0.484333574772
-0.153758063912 -0.48246961832 -0.86231559515
0.0674477379582
0 0 0

00000035.jpg
E:\zhaochen\VisualSFM_windows_64bit\graham-hall\534.JPG
764.256958008
562 374.5
0.334903389215 -3.17531251907 -5.95851564407
-0.844327926636 1.12965166569 -6.61135530472
0.0112805299253 2.91599948551 -0.475016996001
0.0934860168598 0.00380155991677 0.982697340888 -0.160081625928
-0.98249155283 0.0374026447535 0.182519465685
-0.0224589295685 0.948724865913 -0.315311819315
-0.184954375029 -0.313890248537 -0.93127477169
0.0815104389534
0 0 0

00000036.jpg
E:\zhaochen\VisualSFM_windows_64bit\graham-hall\525.JPG
768.864807129
562 374.5
7.01147031784 -3.79273700714 -6.66288852692
0.253485202789 0.958848953247 -10.341960907
-0.0877588610548 2.37357720999 -0.433052451578
0.355663141609 -0.0339722190611 0.918832400135 -0.167638373757
-0.744699716568 0.0568172931671 0.664978265762
-0.181673869491 0.941487431526 -0.283896505833
-0.642201006413 -0.332227170467 -0.690802633762
0.0669216059997
0 0 0

00000037.jpg
E:\zhaochen\VisualSFM_windows_64bit\graham-hall\528.JPG
767.785766602
562 374.5
4.46345996857 -4.35714864731 -8.20401668549
-1.68035840988 0.91627240181 -10.1267261505
-0.115565204696 2.48110187333 -0.483278753571
0.300880168156 -0.0435550921989 0.935096520894 -0.182141767714
-0.815150201321 0.028148425743 0.578571081161
-0.191062957048 0.929858982563 -0.314427912235
-0.546836912632 -0.366847366095 -0.752593278885
0.0595407679386
0 0 0

00000038.jpg
E:\zhaochen\VisualSFM_windows_64bit\graham-hall\545.JPG
768.498168945
562 374.5
-10.3301877975 -3.39442324638 -5.43789672852
-7.3899474144 0.796802282333 -9.62080001831
-0.111106357893 -2.71896310575 0.59976549905
0.176599800761 -0.0392459564768 -0.960415854986 0.211854398959
-0.934547007084 0.000558434810955 -0.355846345425
0.150212213397 0.907158732414 -0.393073052168
0.322590649128 -0.420796364546 -0.847861766815
0.0833915415532
0 0 0

00000039.jpg
E:\zhaochen\VisualSFM_windows_64bit\graham-hall\523.JPG
762.486999512
562 374.5
6.08254241943 -4.16685581207 -7.72138738632
1.49140667915 0.971169948578 -10.5267572403
-0.00821590401499 2.61706521998 -0.461720460318
0.239698292615 -0.00300148326604 0.95608194175 -0.168678484157
-0.885071992874 0.0751253068447 0.459354907274
-0.0866024717689 0.9430783391 -0.321098774672
-0.457329928875 -0.323976576328 -0.828185260296
0.0638637120235
0 0 0

00000040.jpg
E:\zhaochen\VisualSFM_windows_64bit\graham-hall\535.JPG
764.582519531
562 374.5
2.03640532494 -2.76693296432 -5.44853115082
0.241298437119 1.18774330616 -6.3261885643
0.00363111946947 2.81574675596 -0.376936452354
0.149822897469 0.00126376947655 0.979988357252 -0.131188408172
-0.95510238409 0.0417886450887 0.293317347765
-0.0368314646184 0.965578615665 -0.257496207952
-0.293981432915 -0.256738841534 -0.92068862915
0.0807305337635
0 0 0

00000041.jpg
E:\zhaochen\VisualSFM_windows_64bit\graham-hall\792.JPG
759.936889648
562 374.5
2.56771469116 -10.4765748978 -8.29887866974
-7.47772598267 0.718197345734 -11.3486328125
2.09593511469 -2.21660176752 0.577159420982
0.019605400473 0.6754597156 -0.714347113609 0.186001911805
-0.0881083831191 -0.970859467983 0.222873046994
-0.956272900105 0.0197960212827 -0.291808605194
0.27889329195 -0.238837972283 -0.930150151253
0.0554239781506
0 0 0

00000042.jpg
E:\zhaochen\VisualSFM_windows_64bit\graham-hall\791.JPG
760.588684082
562 374.5
2.01581931114 -12.3022289276 -6.15738248825
-7.87488079071 0.708058714867 -11.4370985031
1.93845118015 -2.14144889662 0.765623452601
0.0766032973895 0.646788087297 -0.714520773117 0.255459685325
-0.151598617435 -0.963423550129 0.220990091562
-0.885147333145 0.0328128896654 -0.464157909155
0.439928680658 -0.265973508358 -0.857742011547
0.0589685456457
0 0 0

00000043.jpg
E:\zhaochen\VisualSFM_windows_64bit\graham-hall\531.JPG
758.765686035
562 374.5
3.69810438156 -2.84363913536 -8.76043224335
-3.7077331543 0.912737727165 -9.16117095947
-0.112727548042 2.3634223544 -0.25457886691
0.37176629409 -0.0439739646348 0.92194900745 -0.0993088405163
-0.71971321106 -0.00724524213001 0.694232583046
-0.154923960567 0.976410090923 -0.150420710444
-0.676765680313 -0.215812861919 -0.703856170177
0.0502354586746
0 0 0

00000044.jpg
E:\zhaochen\VisualSFM_windows_64bit\graham-hall\536.JPG
760.467224121
562 374.5
2.95351743698 -2.52463173866 -4.7161154747
1.14914309978 1.24051749706 -5.87192821503
-0.026991264394 2.79140340094 -0.348999889404
0.163450279539 -0.00946541199679 0.978901279075 -0.122388773338
-0.946389913559 0.0214786604047 0.322320282459
-0.0585392564535 0.969865620136 -0.236510902643
-0.317686468363 -0.24269939959 -0.916611731052
0.0710471811809
0 0 0

00000045.jpg
E:\zhaochen\VisualSFM_windows_64bit\graham-hall\790.JPG
760.936279297
562 374.5
1.42807912827 -12.5464839935 -6.7927031517
-8.31116676331 0.688298225403 -11.66385746
1.93612297704 -2.15752285488 0.664163246029
0.0837183832069 0.648739840527 -0.722924653758 0.222542247276
-0.144270554185 -0.975229144096 0.167688533664
-0.900705635548 0.0592442564666 -0.430373519659
0.409776866436 -0.213127717376 -0.886938631535
0.0544227000754
0 0 0

00000046.jpg
E:\zhaochen\VisualSFM_windows_64bit\graham-hall\546.JPG
765.451416016
562 374.5
-13.0478124619 -2.06944513321 -3.26509356499
-9.49406909943 0.694316864014 -9.72471809387
-0.135391258014 -2.58514559042 0.508623032822
0.249058530242 -0.0497028394584 -0.949020476963 0.186718177496
-0.871000528336 0.00133057474159 -0.491284430027
0.187345594168 0.925334572792 -0.329638332129
0.454162150621 -0.379153996706 -0.806213438511
0.0776089519546
0 0 0

00000047.jpg
E:\zhaochen\VisualSFM_windows_64bit\graham-hall\522.JPG
762.614746094
562 374.5
8.63331985474 -3.52601385117 -5.93222951889
3.16863846779 1.02387166023 -10.5389862061
-0.106816067204 2.48889201989 -0.454621206395
0.29995077842 -0.0402390170939 0.937598351584 -0.171261786492
-0.816820800304 0.0272861998528 0.57624912262
-0.178194224834 0.938101410866 -0.297007232904
-0.548684298992 -0.345286130905 -0.761398732662
0.0641925914332
0 0 0

00000048.jpg
E:\zhaochen\VisualSFM_windows_64bit\graham-hall\521.JPG
763.654418945
562 374.5
8.95544242859 -2.77138495445 -5.28881311417
3.99770784378 1.17801499367 -9.92385578156
-0.0770204355762 2.50853455789 -0.328326122947
0.30052513514 -0.0290229145193 0.945268401791 -0.123720165037
-0.817685723305 0.0194919686764 0.575335383415
-0.129232108593 0.967704951763 -0.216455027461
-0.56097227335 -0.251343488693 -0.788757801056
0.0709756551532
0 0 0

00000049.jpg
E:\zhaochen\VisualSFM_windows_64bit\graham-hall\537.JPG
762.243591309
562 374.5
4.93804979324 -2.39998006821 -3.49710083008
2.54941010475 1.29086971283 -5.84879732132
-0.030716603871 2.6320213264 -0.336962939398
0.24155352276 -0.0112324153927 0.96247479001 -0.123220253227
-0.883053898811 0.0379065461457 0.467746913433
-0.081150598824 0.969385325909 -0.231762722135
-0.462209790945 -0.242615640163 -0.852939009666
0.0711161786044
0 0 0

00000050.jpg
E:\zhaochen\VisualSFM_windows_64bit\graham-hall\789.JPG
758.079284668
562 374.5
1.45680236816 -12.9868736267 -6.87172794342
-8.79907131195 0.664071321487 -11.8380031586
1.94359583287 -2.17138374711 0.667434982598
0.0759775850575 0.648263527137 -0.724239506415 0.22261508727
-0.148052230477 -0.972732961178 0.178540959954
-0.905077934265 0.0604958795011 -0.42092576623
0.398644834757 -0.223911777139 -0.889353275299
0.043579904763
0 0 0

00000051.jpg
E:\zhaochen\VisualSFM_windows_64bit\graham-hall\547.JPG
760.784851074
562 374.5
-15.2657556534 -0.923959553242 -1.14037716389
-11.6071166992 0.573287069798 -10.0072307587
-0.156946639804 -2.48690936509 0.456577983649
0.299462212898 -0.0591094681294 -0.93662336473 0.171957053727
-0.81365865469 0.00773815624416 -0.581295311451
0.213716715574 0.9338773489 -0.286714881659
0.540637910366 -0.357519090176 -0.761508226395
0.0628000031273
0 0 0

00000052.jpg
E:\zhaochen\VisualSFM_windows_64bit\graham-hall\520.JPG
764.263122559
562 374.5
8.61487293243 -2.3819975853 -3.93975973129
4.69044303894 1.27338325977 -8.47291183472
-0.0755411825345 2.52985406789 -0.306924662489
0.291731778892 -0.0283407013208 0.949122533137 -0.115148583802
-0.828179836273 0.0133869703859 0.560305297375
-0.120983034372 0.971877753735 -0.20204436779
-0.547251522541 -0.235115900636 -0.803268194199
0.0758361561886
0 0 0

00000053.jpg
E:\zhaochen\VisualSFM_windows_64bit\graham-hall\539.JPG
760.870483398
562 374.5
8.08740139008 -2.33688926697 -2.81678557396
4.12768363953 1.24710536003 -7.75941514969
-0.0689245378754 2.42493047606 -0.329472913162
0.339804219545 -0.026478197055 0.931566448887 -0.126571015025
-0.767664730549 0.0366865769029 0.63980281353
-0.135350883007 0.966558456421 -0.217823028564
-0.626398026943 -0.253812640905 -0.73702609539
0.0572523948844
0 0 0

00000054.jpg
E:\zhaochen\VisualSFM_windows_64bit\graham-hall\540.JPG
763.894958496
562 374.5
9.4398317337 -1.94777059555 -1.55958998203
5.28089141846 1.35167372227 -8.10074138641
-0.0709027982401 2.33589040896 -0.252183579088
0.385297649496 -0.0278356394729 0.917044247702 -0.099004430893
-0.701543331146 0.0252388976514 0.712181866169
-0.1273458004 0.978848993778 -0.160133212805
-0.701158106327 -0.203033238649 -0.683488547802
0.0673389230475
0 0 0

00000055.jpg
E:\zhaochen\VisualSFM_windows_64bit\graham-hall\519.JPG
765.206176758
562 374.5
10.5261182785 -2.04491448402 -2.61395812035
5.89677000046 1.31410801411 -9.23661994934
-0.084964927666 2.40250294812 -0.265907298547
0.3536449217 -0.0328588490041 0.929130216113 -0.102835464139
-0.747711956501 0.0116738909855 0.663922488689
-0.133795067668 0.976692080498 -0.167853668332
-0.650406241417 -0.214335128665 -0.72872120142
0.0806540131774
0 0 0

00000056.jpg
E:\zhaochen\VisualSFM_windows_64bit\graham-hall\541.JPG
763.820739746
562 374.5
9.80121994019 -1.92522704601 -2.27002692223
6.18587446213 1.4345947504 -8.03744697571
-0.0208222014989 2.46834090721 -0.149791091611
0.328119368732 -0.0079537632711 0.942868565041 -0.0572179115094
-0.784550070763 0.0225490387529 0.619656801224
-0.0525481812656 0.993328869343 -0.102678783238
-0.617836952209 -0.113117918372 -0.778129518032
0.0848069058673
0 0 0

00000057.jpg
E:\zhaochen\VisualSFM_windows_64bit\graham-hall\538.JPG
761.797973633
562 374.5
6.77206373215 -2.09683966637 -2.91375255585
3.47486591339 1.27154707909 -6.71238517761
-0.0622588066407 2.48484918381 -0.279313238177
0.314718288669 -0.0236260232331 0.942952615301 -0.105994017723
-0.800788700581 0.0221596453339 0.598537027836
-0.111273378134 0.976416766644 -0.185024172068
-0.5885207057 -0.214766338468 -0.779437661171
0.0682047513828
0 0 0

00000058.jpg
E:\zhaochen\VisualSFM_windows_64bit\graham-hall\821.JPG
766.286010742
562 374.5
9.9268989563 -2.31955623627 -2.70487713814
5.86642503738 1.3668718338 -8.6577835083
-0.0988854415402 2.45896144645 -0.343613716795
0.322516904026 -0.037669304617 0.936713901713 -0.130895807986
-0.789129495621 0.0138612678275 0.614073812962
-0.155003175139 0.962897837162 -0.220926210284
-0.594350457191 -0.269522160292 -0.757699728012
0.071559854146
0 0 0

00000059.jpg
E:\zhaochen\VisualSFM_windows_64bit\graham-hall\820.JPG
766.310424805
562 374.5
11.1924715042 -2.10999512672 -1.87554204464
6.97166633606 1.42919313908 -9.08815765381
-0.0942610686642 2.41320028748 -0.306019994018
0.346296135862 -0.0363253420523 0.92997381767 -0.117930775824
-0.757519900799 0.0141141572967 0.652660369873
-0.149241730571 0.969548285007 -0.194186300039
-0.635524988174 -0.244503602386 -0.732344329357
0.0718918159403
0 0 0

00000060.jpg
E:\zhaochen\VisualSFM_windows_64bit\graham-hall\488.JPG
764.377807617
562 374.5
11.7430419922 -1.00366616249 -9.36264705658
3.69963645935 -0.0916603803635 -14.5900859833
-0.0203455868829 2.49168996995 -0.127059198207
0.317689717899 -0.00773206856379 0.946933494634 -0.0482871513048
-0.798028230667 0.0160368997604 0.602409482002
-0.0453244261444 0.995219349861 -0.0865367203951
-0.600914657116 -0.0963623151183 -0.793484091759
0.0715118940306
0 0 0

00000061.jpg
E:\zhaochen\VisualSFM_windows_64bit\graham-hall\489.JPG
764.414733887
562 374.5
12.9809608459 -5.3848824501 -5.21522045135
3.73999595642 -0.206988811493 -14.5145244598
-0.244276918408 2.20127867986 -0.830923409076
0.378367247105 -0.0955880390565 0.861382703679 -0.325148768853
-0.695404469967 0.0813726633787 0.714000046253
-0.410729914904 0.770284116268 -0.487822055817
-0.589675962925 -0.632491588593 -0.502232551575
0.0706556456066
0 0 0

00000062.jpg
E:\zhaochen\VisualSFM_windows_64bit\graham-hall\490.JPG
763.673706055
562 374.5
14.6522865295 -1.04356205463 -2.91565060616
3.66616487503 -0.124692440033 -14.5197706223
-0.12065892577 2.01020720221 -0.26146193854
0.527311719699 -0.0504846648506 0.841086858979 -0.109397777696
-0.438788175583 0.0304502658546 0.898075819016
-0.200296655297 0.970968067646 -0.130783826113
-0.875984013081 -0.237268447876 -0.419949293137
0.0571395220841
0 0 0

00000063.jpg
E:\zhaochen\VisualSFM_windows_64bit\graham-hall\484.JPG
760.122131348
562 374.5
13.1564216614 -1.08876156807 -8.39270687103
4.56454467773 -0.0871428251266 -14.9623632431
-0.0607409399464 2.43360349384 -0.16861855337
0.343554397765 -0.0233767458836 0.936596149272 -0.0648945024044
-0.762849748135 0.000799768778961 0.646577835083
-0.0883793979883 0.990487396717 -0.105497770011
-0.640509068966 -0.137622505426 -0.755519151688
0.0579550291415
0 0 0

00000064.jpg
E:\zhaochen\VisualSFM_windows_64bit\graham-hall\486.JPG
765.806213379
562 374.5
15.3990869522 0.0749891251326 1.13915526867
4.46570205688 -0.114083498716 -14.7810916901
-0.177929115957 1.77574197355 -0.264181405644
0.620011472327 -0.0773812956517 0.772269417052 -0.114892379169
-0.219196140766 0.0229513123631 0.975413143635
-0.261987060308 0.961625218391 -0.0815014839172
-0.939850449562 -0.273410648108 -0.204772174358
0.0454540459893
0 0 0

00000065.jpg
E:\zhaochen\VisualSFM_windows_64bit\graham-hall\835.JPG
766.590576172
562 374.5
14.2898216248 -0.631151854992 -4.73580265045
4.02632427216 -0.0660003423691 -14.519329071
-0.0682435372195 2.1600175 -0.143121500673
0.468757820064 -0.0278329735876 0.880958292546 -0.0583717830338
-0.558983922005 0.00568522699177 0.829162180424
-0.103763692081 0.991639196873 -0.0767523050308
-0.822662174702 -0.12894000113 -0.553719699383
0.0657868583235
0 0 0

00000066.jpg
E:\zhaochen\VisualSFM_windows_64bit\graham-hall\836.JPG
765.016296387
562 374.5
10.7337808609 -1.6078056097 -10.6469869614
4.08651971817 -0.0693846940994 -14.6442375183
-0.0202888951562 2.62303404112 -0.185836320173
0.25316938435 -0.00746398901568 0.964976018655 -0.0683664754442
-0.871700227261 0.0202114619315 0.489625424147
-0.0490217320621 0.99054312706 -0.128164306283
-0.487584114075 -0.135722920299 -0.862463951111
0.0688732117705
0 0 0

00000067.jpg
E:\zhaochen\VisualSFM_windows_64bit\graham-hall\838.JPG
763.910400391
562 374.5
11.8973245621 -1.05992519855 -10.2396793365
4.30580711365 -0.0683702230453 -15.1319875717
-0.0371871126215 2.55805735964 -0.137508270132
0.285750149494 -0.01390958789 0.956824049068 -0.0514340381431
-0.836308598518 0.00277607003227 0.548256635666
-0.0560130663216 0.994324326515 -0.0904769226909
-0.545393824577 -0.106375589967 -0.831403136253
0.0625959947321
0 0 0

00000068.jpg
E:\zhaochen\VisualSFM_windows_64bit\graham-hall\837.JPG
761.441650391
562 374.5
15.4403581619 -0.116484135389 -1.40486288071
4.16257333755 -0.0746701955795 -14.9351568222
-0.0673662667167 1.93144850002 -0.103414551232
0.567199900783 -0.0286668609553 0.821903428688 -0.0440067515304
-0.354925841093 0.00279786856845 0.934889376163
-0.0970446318388 0.994485795498 -0.039819214493
-0.929844796658 -0.104858577251 -0.352697044611
0.0537914953573
0 0 0

00000069.jpg
E:\zhaochen\VisualSFM_windows_64bit\graham-hall\839.JPG
761.685913086
562 374.5
15.934586525 0.540781080723 0.722609817982
4.29329824448 -0.0674020722508 -15.3717336655
-0.0925891115838 1.79428468396 -0.0698686309586
0.622382709865 -0.0403057009763 0.781084305714 -0.0304150682393
-0.222031325102 -0.0251048374921 0.974719405174
-0.100824087858 0.994903802872 0.00265766377561
-0.969814062119 -0.0976846218109 -0.223431527615
0.0492191058679
0 0 0

00000070.jpg
E:\zhaochen\VisualSFM_windows_64bit\graham-hall\840.JPG
765.366882324
562 374.5
12.5987586975 -0.688066065311 -10.6025753021
4.44028759003 -0.0580000281334 -15.8712854385
-0.0547045574401 2.54244306218 -0.106859189255
0.293758370909 -0.020544292267 0.954814293101 -0.0401309601648
-0.826568484306 -0.0156555939466 0.562618792057
-0.0628108158708 0.99593681097 -0.0645657107234
-0.559319972992 -0.0887059420347 -0.824192404747
0.0713011081564
0 0 0

00000071.jpg
E:\zhaochen\VisualSFM_windows_64bit\graham-hall\485.JPG
763.258666992
562 374.5
14.0657634735 -4.62957191467 -4.77708864212
4.5701084137 -0.205217838287 -14.8718194962
-0.328418737049 2.17366781636 -0.846339150484
0.382944035801 -0.128790957942 0.852414094373 -0.331895892768
-0.673534452915 0.0346275791526 0.73834335804
-0.473762631416 0.74651902914 -0.467188119888
-0.567364215851 -0.664467036724 -0.486400038004
0.0639114517018
0 0 0

00000072.jpg
E:\zhaochen\VisualSFM_windows_64bit\graham-hall\842.JPG
766.22644043
562 374.5
13.3826599121 -1.31800580025 -10.3544178009
4.52985572815 -0.0605381727219 -16.3561859131
-0.0389257099939 2.49894576184 -0.155075996942
0.313400306815 -0.0147619594838 0.947685632303 -0.0588101176349
-0.803125858307 0.00888255424798 0.595746815205
-0.0648418813944 0.992649376392 -0.102214224637
-0.592273056507 -0.120719835162 -0.796644508839
0.0679885826848
0 0 0

00000073.jpg
E:\zhaochen\VisualSFM_windows_64bit\graham-hall\841.JPG
767.877563477
562 374.5
16.804479599 0.317481070757 0.502809762955
4.45062541962 -0.0624276176095 -16.2152042389
-0.105055208152 1.80421548849 -0.112826210308
0.617376039173 -0.0456395950665 0.783813251676 -0.0490155856329
-0.233528167009 -0.0110230110586 0.97228884697
-0.132067203522 0.991030037403 -0.0204837601632
-0.963341236115 -0.13319092989 -0.232889175415
0.0600496029116
0 0 0

00000074.jpg
E:\zhaochen\VisualSFM_windows_64bit\graham-hall\843.JPG
764.230163574
562 374.5
17.2477283478 0.0903219878674 0.126973927021
4.4917178154 -0.060088403523 -16.653263092
-0.0872352295525 1.82377605312 -0.11141717945
0.610086704008 -0.0377856481123 0.789962501758 -0.0482599788865
-0.252733647823 -0.000812839251012 0.967538893223
-0.118583925068 0.99248868227 -0.0301419626921
-0.960243582726 -0.122352048755 -0.250931888819
0.0717092207747
0 0 0

00000075.jpg
E:\zhaochen\VisualSFM_windows_64bit\graham-hall\844.JPG
764.404968262
562 374.5
14.2528324127 -1.19570219517 -9.91304206848
4.57803678513 -0.0504377484322 -16.7893276215
-0.0306707031012 2.44441356097 -0.135704571541
0.339715933606 -0.011782018578 0.939010947767 -0.0521303270339
-0.768908679485 0.0132931051776 0.639222443104
-0.0575449056923 0.994288682938 -0.089895427227
-0.636765480042 -0.105905584991 -0.76375234127
0.0635910677789
0 0 0

00000076.jpg
E:\zhaochen\VisualSFM_windows_64bit\graham-hall\845.JPG
763.326538086
562 374.5
17.2671279907 0.37866422534 3.39494919777
4.66581773758 -0.0489383935928 -16.9720420837
-0.072393443059 1.64248238514 -0.0770575206943
0.680068047913 -0.0322472618429 0.731634762871 -0.0343248496244
-0.0729358941317 -0.000499598332681 0.997335910797
-0.0938725322485 0.995565295219 -0.00636547384784
-0.992909789085 -0.0940868034959 -0.07265920192
0.0627564445077
0 0 0

00000077.jpg
E:\zhaochen\VisualSFM_windows_64bit\graham-hall\847.JPG
769.312072754
562 374.5
17.330373764 0.360108911991 5.76073646545
5.18943405151 -0.0197543501854 -17.5136489868
-0.0411274359883 1.53715635371 -0.0342892242633
0.718576315051 -0.0185958299148 0.695027477866 -0.0155039225517
0.0333950147033 -0.00356749491766 0.999437332153
-0.0481305010617 0.998828887939 0.00517383124679
-0.998283803463 -0.0482762604952 0.0331837795675
0.064252903871
0 0 0

00000078.jpg
E:\zhaochen\VisualSFM_windows_64bit\graham-hall\849.JPG
763.378723145
562 374.5
17.5342350006 0.534568846226 6.78228998184
5.58242607117 -0.0307053923607 -17.9603004456
-0.0599564325189 1.50127039594 -0.056319912416
0.730488687641 -0.0272332826632 0.681903831315 -0.0255815102727
0.0687103271484 0.000233514670981 0.99763995409
-0.0745145007968 0.997209012508 0.00489964941517
-0.994852185249 -0.074674770236 0.0685355514288
0.0595571017333
0 0 0

00000079.jpg
E:\zhaochen\VisualSFM_windows_64bit\graham-hall\851.JPG
761.538574219
562 374.5
16.1396026611 -0.302252084017 10.6065912247
6.08601236343 0.0140149891376 -18.331401825
0.0222152806838 1.30970759287 0.0150467966297
0.793054651202 0.0103302879034 0.609024783267 0.00699688396567
0.25808352232 0.00148473784793 0.966124415398
0.0236803833395 0.999691188335 -0.00786271132529
-0.96583533287 0.024907220155 0.257968008518
0.0578518654893
0 0 0

00000080.jpg
E:\zhaochen\VisualSFM_windows_64bit\graham-hall\482.JPG
763.580383301
562 374.5
15.7638874054 -0.992932856083 -4.23092508316
6.51957368851 -0.0820065736771 -14.9958877563
-0.109331402642 2.2380401538 -0.251837884231
0.429004994128 -0.0437993693682 0.896583643749 -0.100889042359
-0.628072977066 0.00802486203611 0.778116106987
-0.165102750063 0.975807666779 -0.143329441547
-0.7604393363 -0.218490034342 -0.611553549767
0.0712726327411
0 0 0

00000081.jpg
E:\zhaochen\VisualSFM_windows_64bit\graham-hall\834.JPG
760.463806152
562 374.5
15.9595489502 -0.340917021036 -3.36109375954
6.13287353516 -0.0652716755867 -15.1163597107
-0.120279324311 2.15804894394 -0.191251012663
0.466982991931 -0.0490169333233 0.879460720281 -0.0779397306178
-0.559048295021 -0.0134235955775 0.829026937485
-0.159009709954 0.983046591282 -0.0913097932935
-0.813745856285 -0.182870090008 -0.55170583725
0.0558490196056
0 0 0

00000082.jpg
E:\zhaochen\VisualSFM_windows_64bit\graham-hall\833.JPG
762.651306152
562 374.5
16.2704925537 -0.111976280808 -1.20047211647
7.16641807556 -0.0306866168976 -14.6568937302
-0.126893584766 2.09146914767 -0.206365401492
0.495204300901 -0.0523603171422 0.863006495303 -0.0851529089453
-0.504063129425 -0.00603967020288 0.863646507263
-0.174712017179 0.980018258095 -0.095117084682
-0.845811605453 -0.198833301663 -0.495045930147
0.0612869263241
0 0 0

00000083.jpg
E:\zhaochen\VisualSFM_windows_64bit\graham-hall\491.JPG
763.040283203
562 374.5
16.7413082123 -0.0342537276447 -1.63632547855
7.28514814377 -0.0617502331734 -15.1615924835
-0.131394035192 2.10792345665 -0.199983014442
0.488235822472 -0.0540520220167 0.867143816095 -0.0822677093659
-0.517408907413 -0.0134093016386 0.855635106564
-0.174073472619 0.980622291565 -0.0898953601718
-0.837847590446 -0.195455893874 -0.509716510773
