# Camera parameter file. 

# The format of each camera is as follows:
# Filename (of the undistorted image in visualize folder)
# Original filename
# Focal Length (of the undistorted image)
# 2-vec Principal Point (image center)
# 3-vec Translation T (as in P = K[R T])
# 3-vec Camera Position C (as in P = K[R -RC])
# 3-vec Axis Angle format of R
# 4-vec Quaternion format of R
# 3x3 Matrix format of R
# [Normalized radial distortion] = [radial distortion] * [focal length]^2
# 3-vec Lat/Lng/Alt from EXIF

# The nubmer of cameras in this reconstruction
330

00000000.jpg
E:\zhaochen\VisualSFM_windows_64bit\person-hall\1134.JPG
768.750244141
562 374.5
0.451743377887 -0.337610487848 -2.47277983749
2.49578008733 0.00341826575979 0.451373760145
-0.103335740386 -1.56811766702 0.108571745149
0.705526281072 -0.0464890131182 -0.705469787321 0.0488446036737
-0.000144173773039 -0.0033291208637 -0.999996481607
0.134515485458 0.990908519087 -0.00331824972782
0.990913420222 -0.134515131872 0.000304987822174
0.063292156134
0 0 0

00000001.jpg
E:\zhaochen\VisualSFM_windows_64bit\person-hall\1137.JPG
769.990722656
562 374.5
1.35169179487 -0.30794102991 -2.42322394991
2.46053302285 0.00594692431787 1.31895371009
-0.0834484348351 -1.57853133191 0.143609236824
0.701267394711 -0.0374801904549 -0.708984597203 0.0645009287217
-0.0136390324112 -0.0373190005292 -0.999209116943
0.143610592435 0.988870763198 -0.0388931881416
0.989542008542 -0.144027730196 -0.0081278952457
0.0572052538865
0 0 0

00000002.jpg
E:\zhaochen\VisualSFM_windows_64bit\person-hall\1136.JPG
770.075317383
562 374.5
0.930038449086 -0.358386992283 -2.50483961733
2.49533536932 7.22486941956e-005 1.0202542094
-0.115422374748 -1.53252454801 0.103571759685
0.717789009762 -0.0521726150367 -0.692723689426 0.0468159623168
0.0358852330031 0.00507446332949 -0.999343592476
0.139490396259 0.990174183182 0.0100368456519
0.989574211809 -0.139758873084 0.0348248339546
0.0589079204929
0 0 0

00000003.jpg
E:\zhaochen\VisualSFM_windows_64bit\person-hall\1135.JPG
769.371704102
562 374.5
0.741757955084 -0.29531451363 -2.48656683561
2.50771311584 0.00102677261507 0.72924165852
-0.092727442797 -1.57385205958 0.0921004029911
0.704105336594 -0.0416935901674 -0.707660437695 0.0414116505398
-0.00499480930906 0.00069337863243 -0.999988288779
0.117326035201 0.993093837248 0.000102565135162
0.993081673932 -0.117324152219 -0.00504172785841
0.0602475256044
0 0 0

00000004.jpg
E:\zhaochen\VisualSFM_windows_64bit\person-hall\1133.JPG
768.004516602
562 374.5
0.137102935088 -0.31993785066 -2.42022873557
2.43866065539 -0.00553014388588 0.177604124021
-0.113925096624 -1.55241776962 0.0944509498511
0.711105939697 -0.051363538557 -0.699913121243 0.0425835496143
0.0166190159412 0.0113370972117 -0.999798741132
0.132462757468 0.991098424221 0.0134402994447
0.991050770018 -0.132659369962 0.0149691897266
0.0662071184669
0 0 0

00000005.jpg
E:\zhaochen\VisualSFM_windows_64bit\person-hall\1132.JPG
765.871887207
562 374.5
-0.20249478097 -0.410575213658 -2.35291089465
2.39379275011 -0.0186186765454 -0.123087307491
-0.149869792271 -1.5336458387 0.133207598154
0.715576353629 -0.0676857602564 -0.692641145247 0.0601606061927
0.0332617285672 0.00766457701263 -0.999419055116
0.179862605858 0.983598695824 0.0135292771256
0.983131445241 -0.180208040942 0.031337647099
0.0660362407423
0 0 0

00000006.jpg
E:\zhaochen\VisualSFM_windows_64bit\person-hall\1131.JPG
764.495910645
562 374.5
-0.199627386038 -0.381382283685 -2.40190251388
2.40198213868 -0.0295667260617 -0.428985179427
-0.128250398246 -1.66120473795 0.141375210376
0.670386496308 -0.0569113305278 -0.737162404237 0.0627354880467
-0.0946871296687 -0.000208242599509 -0.995507639176
0.168019853504 0.985652547036 -0.0161873085805
0.98122724637 -0.168797658472 -0.0932931996372
0.0654862449626
0 0 0

00000007.jpg
E:\zhaochen\VisualSFM_windows_64bit\person-hall\1139.JPG
770.24029541
562 374.5
1.94723466614 -0.360887693616 -2.38212442786
2.46805693602 0.00387809674215 1.87220218281
-0.115758515393 -1.59850628396 0.116829817428
0.69421213892 -0.0518497222725 -0.715991446441 0.0523295721809
-0.0307628306345 0.00159229786703 -0.999526889183
0.146903594797 0.98914754894 -0.00294559657422
0.988672924748 -0.146924422979 -0.0306627430088
0.0558082807357
0 0 0

00000008.jpg
E:\zhaochen\VisualSFM_windows_64bit\person-hall\1138.JPG
770.365722656
562 374.5
1.62554487338 -0.374183352052 -2.40369191091
2.45082090531 0.00411914900337 1.59799539702
-0.120192024989 -1.57901888029 0.117155288155
0.701029186805 -0.0539782921105 -0.709138084462 0.0526144922419
-0.0112894667656 0.00278753570539 -0.999932726635
0.150324714547 0.988637260146 0.00105886091536
0.988573252095 -0.150302571978 -0.0115801103718
0.0568371516691
0 0 0

00000009.jpg
E:\zhaochen\VisualSFM_windows_64bit\person-hall\1140.JPG
769.51574707
562 374.5
2.18474825778 -0.344286742388 -2.390339973
2.45641114829 0.000862160490104 2.13808368412
-0.109909094004 -1.58529551903 0.136068919499
0.698528761341 -0.0493123621324 -0.711266591993 0.0610493598742
-0.0192518759111 -0.0151410852736 -0.99970113284
0.155437849661 0.987683103409 -0.0179525553744
0.987659553115 -0.155736968331 -0.0166615058127
0.056811163987
0 0 0

00000010.jpg
E:\zhaochen\VisualSFM_windows_64bit\person-hall\1142.JPG
769.648986816
562 374.5
2.75600343973 -0.416789666272 -2.4075313865
2.48249127162 -0.00609944742453 2.72078026882
-0.134574652274 -1.58268727389 0.113860943471
0.699401853975 -0.0603993996651 -0.710337047768 0.0511027337969
-0.0143778385497 0.014324981831 -0.999795256427
0.157290368874 0.987480860632 0.011886585034
0.987448936199 -0.157087223385 -0.0164512087072
0.062601300357
0 0 0

00000011.jpg
E:\zhaochen\VisualSFM_windows_64bit\person-hall\1143.JPG
769.285400391
562 374.5
3.0376214705 -0.419592987461 -2.43335540181
2.51795861099 -0.00886074525279 2.99736540061
-0.134868491349 -1.58359260254 0.125487945147
0.698758971399 -0.0605161779505 -0.71056605422 0.056307079164
-0.0161481106069 0.00731130235713 -0.999843533306
0.164691609234 0.986335976365 0.00455266603514
0.986214087323 -0.164592222995 -0.0171314653177
0.0629360621539
0 0 0

00000012.jpg
E:\zhaochen\VisualSFM_windows_64bit\person-hall\1144.JPG
769.158325195
562 374.5
3.13978327406 -0.427524390476 -2.68437603827
2.53370995801 0.00275563018261 3.29046436254
-0.122207618583 -1.51261638826 0.0838678529692
0.724884617816 -0.0553901416847 -0.685587666558 0.0380127876854
0.0570512527566 0.0208396505319 -0.998154565975
0.131059190826 0.990974422731 0.0281807199065
0.989733248634 -0.132425126837 0.0538051610965
0.0630426323196
0 0 0

00000013.jpg
E:\zhaochen\VisualSFM_windows_64bit\person-hall\1141.JPG
769.590148926
562 374.5
2.49366363823 -0.376698581788 -2.38125374332
2.47201069922 -0.00216819673578 2.43305615753
-0.122756105406 -1.59238460017 0.120924724229
0.696104301953 -0.0550245143455 -0.713774593824 0.0542036113074
-0.0248220140978 0.00308724342506 -0.999687842194
0.154012711475 0.988068085474 -0.000772757665467
0.987758419349 -0.15398396226 -0.025001274587
0.0599801483975
0 0 0

00000014.jpg
E:\zhaochen\VisualSFM_windows_64bit\person-hall\1154.JPG
765.752746582
562 374.5
3.2955014376 -0.864513867425 -3.45303595744
3.75550032157 -0.00132163188893 3.0703891011
-0.191395305876 -1.62842732285 0.15790861115
0.679577574577 -0.0852395868029 -0.725234464362 0.0703259920899
-0.06181691925 0.0280529462162 -0.997694689807
0.219220814753 0.975576629504 0.0138482058492
0.973717623358 -0.217859440781 -0.0664569907805
0.0566270017867
0 0 0

00000015.jpg
E:\zhaochen\VisualSFM_windows_64bit\person-hall\1159.JPG
762.96862793
562 374.5
3.13960494707 -0.961824036392 -4.23592000417
4.34555097499 0.0134654694508 3.13706343046
-0.177521137413 -1.56778246862 0.14382894581
0.702301792541 -0.0797641541976 -0.704439169314 0.0646255109607
-0.000820297115252 0.0216046164296 -0.999766593811
0.203151065196 0.978923360926 0.0209874826595
0.979148971569 -0.203086551234 -0.0051918325869
0.0525135612329
0 0 0

00000016.jpg
E:\zhaochen\VisualSFM_windows_64bit\person-hall\1157.JPG
763.845458984
562 374.5
3.3432074212 -1.02615943706 -3.76378481367
4.09050422686 0.0148906137472 3.10863038806
-0.214603402715 -1.63466939968 0.0882072270561
0.678170694224 -0.0955227577442 -0.727612549858 0.0392621807239
-0.0619208545826 0.0857541216863 -0.99439188627
0.19225996312 0.978669719546 0.0724261891512
0.979390145985 -0.186696750583 -0.0770869029459
0.0527784371839
0 0 0

00000017.jpg
E:\zhaochen\VisualSFM_windows_64bit\person-hall\1163.JPG
762.800109863
562 374.5
3.13478812415 -1.248025722 -4.49771038565
4.69372912532 0.0177747793865 3.09554414203
-0.220245470249 -1.57676646492 0.153778400693
0.696892243009 -0.0987536383742 -0.706990364439 0.0689511414453
-0.0091786826745 0.0435326751102 -0.999010033701
0.235738737589 0.970988460081 0.0401457165679
0.971774369738 -0.23513686164 -0.0191745839403
0.0472619391947
0 0 0

00000018.jpg
E:\zhaochen\VisualSFM_windows_64bit\person-hall\1152.JPG
766.196960449
562 374.5
3.13693911762 -0.806605000151 -3.34472266216
3.50625528419 0.00771716759869 3.06337377915
-0.186469296055 -1.59183457501 0.117094314895
0.694195323635 -0.0835214403976 -0.712998436697 0.0524477007705
-0.022235088487 0.046283566913 -0.998681394998
0.191919361354 0.980548917616 0.0411701849076
0.981159327059 -0.190750588482 -0.0306852397024
0.0586432803719
0 0 0

00000019.jpg
E:\zhaochen\VisualSFM_windows_64bit\person-hall\1147.JPG
766.421569824
562 374.5
3.1473390545 -0.686170113039 -3.06804573338
3.25046758081 -0.0021018666643 3.03708645087
-0.171550018508 -1.60128530256 0.147808089089
0.69050607939 -0.0767285955818 -0.716201452265 0.0661096232462
-0.0346287873749 0.0186080166616 -0.999227463985
0.201204403692 0.979485596791 0.011267532353
0.978938363443 -0.200658714496 -0.0376622267175
0.0579437026506
0 0 0

00000020.jpg
E:\zhaochen\VisualSFM_windows_64bit\person-hall\1165.JPG
767.83215332
562 374.5
3.17844237366 -0.456450079999 -3.10171529872
3.15473365787 -0.00171330602283 3.15896708436
-0.114900085643 -1.57403667006 0.113815933744
0.70302046164 -0.0516415115499 -0.707446234023 0.0511542426112
-0.00619148306831 0.00114213314263 -0.9999812763
0.144992050164 0.989434265286 0.000232349020921
0.989415435811 -0.144987808137 -0.0062917042819
0.0614136458161
0 0 0

00000021.jpg
E:\zhaochen\VisualSFM_windows_64bit\person-hall\1166.JPG
767.292053223
562 374.5
3.55630008521 -0.510248323858 -2.96575684646
3.11704760269 -0.00364789973397 3.46226803304
-0.132847228306 -1.59764183036 0.131947093009
0.693624693873 -0.059490371784 -0.715440643196 0.0590872818277
-0.0306919969897 0.00315478667837 -0.999524048458
0.167092377757 0.985940303337 -0.00201889634758
0.985465140027 -0.167074860016 -0.0307874425443
0.0598136314632
0 0 0

00000022.jpg
E:\zhaochen\VisualSFM_windows_64bit\person-hall\1146.JPG
767.313781738
562 374.5
3.18913058246 -0.599421144356 -2.71727758344
2.95484614059 -0.00482274621437 3.0302294428
-0.167287695577 -1.62162590328 0.153229632704
0.683165296708 -0.0746078867403 -0.723221641076 0.0683381945253
-0.0554382708721 0.0145434333723 -0.998356375168
0.20128856513 0.979528190802 0.00309165381293
0.977963332879 -0.200786422514 -0.0572306294257
0.0590647525701
0 0 0

00000023.jpg
E:\zhaochen\VisualSFM_windows_64bit\person-hall\1167.JPG
766.571777344
562 374.5
3.84597512952 -0.554617372399 -2.96113520326
3.1179875454 -0.00489236694105 3.76105305233
-0.143023142534 -1.59515373619 0.129391465189
0.694274837691 -0.064063461219 -0.714507230832 0.057957509291
-0.0277573713087 0.0110705609185 -0.999553523424
0.172024322342 0.985074737123 0.00613312936214
0.984704043435 -0.171777467197 -0.0292471648084
0.0578405085879
0 0 0

00000024.jpg
E:\zhaochen\VisualSFM_windows_64bit\person-hall\1128.JPG
763.434020996
562 374.5
-0.809194051269 -0.904745355901 -2.64718226447
2.68203326761 -0.0472263546942 -1.13374805487
-0.25675301663 -1.6701345913 0.293330492387
0.654320633032 -0.113211802934 -0.736423473054 0.129340150837
-0.118095547243 -0.00251595560301 -0.992999647045
0.336003761885 0.940909162632 -0.0423443269678
0.934428645227 -0.338651601219 -0.110271652144
0.0619755088464
0 0 0

00000025.jpg
E:\zhaochen\VisualSFM_windows_64bit\person-hall\1130.JPG
765.325744629
562 374.5
-0.130232938442 -0.866048147564 -2.51737686034
2.53662509443 -0.0776008670055 -0.814666309618
-0.27069265771 -1.8128773362 0.317921342015
0.597697279611 -0.116656150362 -0.781267186588 0.137009552424
-0.258299084887 0.0184986315024 -0.965887971046
0.346059578561 0.935240411114 -0.0746320333399
0.901957117246 -0.353532288225 -0.247973174011
0.0613950934312
0 0 0

00000026.jpg
E:\zhaochen\VisualSFM_windows_64bit\person-hall\1168.JPG
766.049255371
562 374.5
4.03434648623 -0.536586097049 -3.07311490396
3.11913121642 -0.00827902198772 4.03470414801
-0.13436027996 -1.56845032439 0.110805433133
0.704523810617 -0.0604229946354 -0.705345847487 0.0498301737222
9.1653475344e-006 0.015025105304 -0.999887608357
0.155451280802 0.987732727147 0.0148438679109
0.98784416874 -0.155433885807 -0.00232669358868
0.0597087692575
0 0 0

00000027.jpg
E:\zhaochen\VisualSFM_windows_64bit\person-hall\1126.JPG
765.699951172
562 374.5
-1.21823752604 -1.00677266744 -2.72656473952
2.77287155247 -0.0328705900975 -1.49730538382
-0.295587734375 -1.65060969986 0.297479245034
0.658837600546 -0.130569623632 -0.729121889072 0.13140515842
-0.0977704159297 0.0172528525591 -0.995060499074
0.36355148965 0.931370601175 -0.0195723501102
0.926431164534 -0.363669060263 -0.0973322496723
0.0622318843406
0 0 0

00000028.jpg
E:\zhaochen\VisualSFM_windows_64bit\person-hall\1124.JPG
767.331054688
562 374.5
-1.70379916016 -1.07562015448 -2.68870365212
2.8043728537 -0.0277492307633 -1.85032838966
-0.342597823501 -1.60329954771 0.306668100841
0.671945529475 -0.152121815587 -0.711904225299 0.136168139675
-0.0506969979327 0.0335968307889 -0.998149702214
0.399587121634 0.916635411582 0.0105576905513
0.915293744202 -0.398312605127 -0.0598952353239
0.0576150019531
0 0 0

00000029.jpg
E:\zhaochen\VisualSFM_windows_64bit\person-hall\1122.JPG
767.12487793
562 374.5
-2.40710162965 -1.10029317512 -2.44087885016
2.85459663747 -0.0268989165839 -2.19389804947
-0.389811927299 -1.47101325578 0.320117519036
0.712638375604 -0.175851937713 -0.663603428513 0.144411399642
0.0775542445812 0.0275651788612 -0.996608305396
0.4392175999 0.896443639269 0.0589738187816
0.895028771968 -0.442301538172 0.0574159336846
0.0598982520899
0 0 0

00000030.jpg
E:\zhaochen\VisualSFM_windows_64bit\person-hall\1127.JPG
767.710144043
562 374.5
-0.8479705313 -0.357611964782 -2.7692329747
2.68196351682 -0.0179019773906 -1.14991436909
-0.0835696266424 -1.67733348352 0.121607135869
0.666043640206 -0.0370206310401 -0.743044411224 0.0538709228428
-0.110031368187 -0.0167450002459 -0.993787805931
0.12677654196 0.991456359521 -0.0307422315426
0.985812212013 -0.129371654985 -0.106968468701
0.0710921943414
0 0 0

00000031.jpg
E:\zhaochen\VisualSFM_windows_64bit\person-hall\1125.JPG
769.694335938
562 374.5
-1.17281611874 -0.297729391959 -2.920026881
2.78387735409 0 -1.49689748189
-0.0693397831481 -1.68216588899 0.0880975728302
0.665264191864 -0.0307074668922 -0.744955507476 0.0390144470915
-0.112961110898 -0.00615852704633 -0.993579062862
0.097661131415 0.99506964445 -0.0172709087633
0.988789831761 -0.0989852213482 -0.111802753649
0.0718356120445
0 0 0

00000032.jpg
E:\zhaochen\VisualSFM_windows_64bit\person-hall\1123.JPG
770.524841309
562 374.5
-1.6300836504 -0.330204159936 -2.93205452937
2.81966710887 0.00592138160764 -1.84730615424
-0.0834819158121 -1.64420643309 0.0907817798129
0.678989471015 -0.0371708284138 -0.732092868339 0.0404211370534
-0.0751837828379 -0.00046631011091 -0.997170743441
0.109315795752 0.993969678628 -0.00870691215077
0.991162654187 -0.109661316638 -0.0746790887942
0.0680530363066
0 0 0

00000033.jpg
E:\zhaochen\VisualSFM_windows_64bit\person-hall\1129.JPG
766.490905762
562 374.5
-0.0937272567459 -0.380662224307 -2.64979898092
2.55144773419 -0.0538720494949 -0.813827627125
-0.0924672668105 -1.83853811055 0.165043572098
0.602535632812 -0.0399283820528 -0.79390096224 0.0712676283121
-0.270713024262 -0.0224843997506 -0.962398034074
0.149280742346 0.986653590147 -0.065042352666
0.95101644062 -0.161275444455 -0.263743810652
0.0703152210255
0 0 0

00000034.jpg
E:\zhaochen\VisualSFM_windows_64bit\person-hall\1158.JPG
767.636962891
562 374.5
5.03344402573 -0.155777090785 -0.584919853857
4.04464145262 0.0185482944926 3.05654813436
-0.0913779965898 -2.36832311886 0.204129773845
0.372189536569 -0.0356528533609 -0.92404605068 0.0796450914342
-0.72040777465 0.00660312911608 -0.693519375842
0.1251754078 0.984772361214 -0.120651919748
0.682161709644 -0.173730395627 -0.710264382037
0.0519409008008
0 0 0

00000035.jpg
E:\zhaochen\VisualSFM_windows_64bit\person-hall\1162.JPG
766.755615234
562 374.5
-1.37901330434 -1.29664524717 -5.33187025093
4.67565614253 0.0229196190051 3.18581584131
-0.2664075153 -0.730807971288 0.0245083888589
0.925244077526 -0.129867657418 -0.356252409571 0.0119472870148
0.745885266475 0.0704227198353 -0.662343302468
0.114639346047 0.965983321567 0.231805964857
0.656138425771 -0.248831158696 0.712437823947
0.0469614246636
0 0 0

00000036.jpg
E:\zhaochen\VisualSFM_windows_64bit\person-hall\1160.JPG
768.572509766
562 374.5
-0.781719126854 -1.31953880137 -5.12511408428
4.30756288584 0.0161586396394 3.17233250449
-0.288471965136 -0.796645251488 0.0108687458235
0.911587310396 -0.139959621914 -0.386513012261 0.00527325265529
0.701159954141 0.0985783335353 -0.70615686005
0.117806454356 0.960767556046 0.251094547318
0.703204569071 -0.259247113898 0.66203818771
0.0521232625359
0 0 0

00000037.jpg
E:\zhaochen\VisualSFM_windows_64bit\person-hall\1156.JPG
769.44140625
562 374.5
-0.924983177648 -0.844271244209 -4.98766990258
4.0437265782 0.0255024164716 3.17691836713
-0.197999849681 -0.728557650041 -0.0115927548476
0.929576077144 -0.0966648391948 -0.355686674503 -0.00565965976727
0.746911266199 0.0792870081708 -0.660181826842
0.0582426708731 0.981248146829 0.183740827322
0.662369467466 -0.175688460743 0.728287319762
0.040095496118
0 0 0

00000038.jpg
E:\zhaochen\VisualSFM_windows_64bit\person-hall\1153.JPG
768.481079102
562 374.5
-0.541859788799 -1.100716221 -4.70941065394
3.71880891461 0.00744421477794 3.13912044215
-0.255358892358 -0.763282367306 0.0147813092523
0.92008497989 -0.124259803907 -0.371419676875 0.00719271051112
0.723993520616 0.079069211627 -0.685262772685
0.105540831251 0.969016886207 0.223316205918
0.681687891029 -0.234002110797 0.693215074054
0.0457676748112
0 0 0

00000039.jpg
E:\zhaochen\VisualSFM_windows_64bit\person-hall\1150.JPG
767.163208008
562 374.5
0.0496884213863 -1.00646566247 -4.57188690791
3.44006781518 0.00508843719932 3.17544930921
-0.226730352018 -0.838829779705 0.0349111491104
0.906947644477 -0.109826566263 -0.406323165662 0.0169107117638
0.669231776398 0.058575737249 -0.740742158412
0.119924258051 0.975304564257 0.18547148725
0.733313193563 -0.212956295042 0.645679778631
0.0517375792405
0 0 0

00000040.jpg
E:\zhaochen\VisualSFM_windows_64bit\person-hall\1148.JPG
766.911499023
562 374.5
0.196383859254 -0.885770540928 -4.37587984094
3.21860985532 0.00137039222581 3.10032210842
-0.212211102672 -0.851494667115 0.022235296227
0.905215414354 -0.102731484998 -0.412208930256 0.010764116354
0.65993680747 0.0652060838235 -0.748487495306
0.104181460006 0.978661926362 0.17711382789
0.744064015101 -0.194862667149 0.639061051703
0.053457815682
0 0 0

00000041.jpg
E:\zhaochen\VisualSFM_windows_64bit\person-hall\1169.JPG
766.768005371
562 374.5
4.30742500508 -0.526564893321 -3.08472491972
3.12738496377 -0.00547401917797 4.30883759096
-0.129211786334 -1.56858075362 0.103028549787
0.70481773038 -0.0581142807864 -0.705484731217 0.0463381107962
0.000289971992955 0.016677522937 -0.99986144177
0.147317211263 0.988952163486 0.0165382898564
0.989091146526 -0.14730161209 -0.00217000324837
0.0612444257455
0 0 0

00000042.jpg
E:\zhaochen\VisualSFM_windows_64bit\person-hall\1145.JPG
766.900756836
562 374.5
3.09924154993 -0.655270082421 -2.48364359611
2.66854563094 -0.00670310578361 3.0136253517
-0.198847650145 -1.59859691954 0.167332271241
0.68964973306 -0.0889082128072 -0.714760244902 0.0748171435277
-0.032957879169 0.0239008582166 -0.999172552683
0.230291350465 0.972996762777 0.015678526694
0.972564295712 -0.229583574223 -0.0375718663709
0.0580073343035
0 0 0

00000043.jpg
E:\zhaochen\VisualSFM_windows_64bit\person-hall\1170.JPG
766.758789063
562 374.5
4.68250365426 -0.418289707459 -2.95269324519
3.14353492799 -0.00011511718546 4.57573617774
-0.109430872269 -1.60264702851 0.114510842023
0.692947546293 -0.0489913652499 -0.717492827321 0.0512656288879
-0.0348478057356 -0.000746790785588 -0.999392943148
0.141350776203 0.989945017626 -0.00566847255643
0.989346633552 -0.141462257914 -0.0343920042359
0.060887981727
0 0 0

00000044.jpg
E:\zhaochen\VisualSFM_windows_64bit\person-hall\1155.JPG
765.351928711
562 374.5
4.76946909386 0.00874718689464 -0.455452957334
3.73342050086 0.00335093833082 3.0028178431
-0.0749683441309 -2.35811071239 0.261438961879
0.374561529398 -0.0292831805819 -0.92109519856 0.102119960373
-0.717692167611 -0.0225550645086 -0.695995218678
0.130445769648 0.977428907363 -0.166187703556
0.684032086496 -0.210061115173 -0.698551382533
0.052842544421
0 0 0

00000045.jpg
E:\zhaochen\VisualSFM_windows_64bit\person-hall\1149.JPG
766.361206055
562 374.5
4.36776261332 0.113760587781 -0.351346108143
3.2253208916 0.000468348452363 2.96834357303
-0.050083142951 -2.31062540143 0.24616904055
0.397394411483 -0.0197736315901 -0.912272128674 0.0971915025678
-0.683372511298 -0.0411692015625 -0.728907433094
0.113324238294 0.98032481799 -0.161614295274
0.721219949652 -0.193046018028 -0.665263033582
0.0563575167672
0 0 0

00000046.jpg
E:\zhaochen\VisualSFM_windows_64bit\person-hall\1151.JPG
767.347900391
562 374.5
4.53695077576 -0.212430651154 -0.662684972339
3.46816713095 0.00829181603281 3.00663859885
-0.120559726173 -2.26886649979 0.214138268075
0.416625159818 -0.0480244725967 -0.903793667284 0.0853011010683
-0.648235459116 0.0157312876954 -0.761279491707
0.157885627156 0.980835407589 -0.114172683836
0.744893232592 -0.19420549812 -0.638293853299
0.0616326184243
0 0 0

00000047.jpg
E:\zhaochen\VisualSFM_windows_64bit\person-hall\1161.JPG
769.370910645
562 374.5
5.27741046391 0.101675228578 0.16631820192
4.3020173073 0.0196857487839 3.06288005451
-0.067425936682 -2.54203868336 0.295555900036
0.286694748785 -0.0252322077395 -0.951284495206 0.110603252032
-0.834339213106 -0.0154125811104 -0.551038659933
0.111424905114 0.974259787796 -0.195961357152
0.539874417571 -0.224897122989 -0.811145058767
0.0356772802452
0 0 0

00000048.jpg
E:\zhaochen\VisualSFM_windows_64bit\person-hall\1164.JPG
767.400146484
562 374.5
5.53126991601 0.102765461051 0.349334379462
4.63225439618 0.0230837909789 3.04453163058
-0.0656698935111 -2.61080068222 0.293474712656
0.253957238862 -0.0241688112454 -0.960865710514 0.108008930063
-0.869843076496 -0.0084130128195 -0.493258562866
0.101305585785 0.975500406173 -0.195286837446
0.482816648171 -0.219838215728 -0.847680212996
0.0339381967608
0 0 0

00000049.jpg
E:\zhaochen\VisualSFM_windows_64bit\person-hall\1121.JPG
770.224121094
562 374.5
-2.31124001911 -0.371004551697 -2.75502954054
2.86826474452 0.0142748926585 -2.20055883419
-0.0800551945593 -1.52863306011 0.101040575545
0.719976491436 -0.0362165329229 -0.691545250166 0.0457102047021
0.039354776808 -0.0157299877762 -0.999102868778
0.115911103441 0.993199350442 -0.0110712813972
0.992482422758 -0.11537149062 0.0409104656335
0.0660420651189
0 0 0

00000050.jpg
E:\zhaochen\VisualSFM_windows_64bit\person-hall\1120.JPG
768.410217285
562 374.5
-2.81642796114 -1.08303120153 -2.35331886593
2.88728676867 -0.0204272152898 -2.51126718614
-0.379978699859 -1.4352948835 0.320039854907
0.725235308145 -0.172247024419 -0.650629293006 0.145076323288
0.111270582662 0.0137085481619 -0.993696696759
0.434566436259 0.898567599408 0.0610574163641
0.893740646446 -0.438621078964 0.0940268266516
0.0590618520008
0 0 0

00000051.jpg
E:\zhaochen\VisualSFM_windows_64bit\person-hall\1118.JPG
768.089416504
562 374.5
-3.31203653878 -0.927045517159 -2.32619579116
3.04621732077 -0.00849575300784 -2.8214590592
-0.368163068926 -1.37769500447 0.269395051506
0.748081518274 -0.168347189398 -0.629968352138 0.123184272369
0.175932161578 0.0278031152253 -0.984010432562
0.396410625231 0.912972431937 0.0966701984855
0.901060292767 -0.407079485682 0.149599238419
0.0613691441186
0 0 0

00000052.jpg
E:\zhaochen\VisualSFM_windows_64bit\person-hall\1119.JPG
769.018493652
562 374.5
-2.8373854217 -0.324072212538 -2.57111881952
2.90931706399 0.0162917289002 -2.51037361385
-0.0820713740378 -1.449868002 0.0866550161928
0.746916162552 -0.03751163598 -0.662678325393 0.0396066407
0.11858006386 -0.00944938469053 -0.992900957658
0.108881975642 0.994051691915 0.00354321674963
0.986959649578 -0.108528972039 0.118903259751
0.064746101125
0 0 0

00000053.jpg
E:\zhaochen\VisualSFM_windows_64bit\person-hall\1117.JPG
771.123352051
562 374.5
-3.31451738837 -0.314991687228 -2.49607590681
3.05540044366 0.029573920124 -2.82475552325
-0.0904618197174 -1.39374179195 0.0791676153357
0.765191823751 -0.0416319550212 -0.641421936622 0.0364341841794
0.174502236891 -0.00235083038564 -0.984656079695
0.109165728971 0.993881309375 0.0169736090659
0.978587206217 -0.11045211729 0.173690562277
0.0655855848534
0 0 0

00000054.jpg
E:\zhaochen\VisualSFM_windows_64bit\person-hall\1116.JPG
767.339111328
562 374.5
-3.76796307428 -0.926404243473 -2.11021477872
3.11727404367 -0.00828315411296 -3.12910417115
-0.375834959322 -1.31597259144 0.281443811768
0.765734543133 -0.173000328196 -0.605754426431 0.129551204849
0.232556644852 0.0111876279137 -0.972518901256
0.407994958544 0.90657552621 0.107992104916
0.882869454642 -0.421897204177 0.206265391128
0.0595737846087
0 0 0

00000055.jpg
E:\zhaochen\VisualSFM_windows_64bit\person-hall\1114.JPG
767.882080078
562 374.5
-4.2856578673 -0.791058029827 -1.81539817175
3.24558177478 -0.00588867418338 -3.42847545027
-0.393665495998 -1.22680824869 0.264526260677
0.791432380913 -0.182948061315 -0.570134271316 0.12293321881
0.31966989916 0.0140227598349 -0.947425668121
0.403196080061 0.902835435346 0.149404982765
0.857465227029 -0.429759096233 0.282955519724
0.0623203031881
0 0 0

00000056.jpg
E:\zhaochen\VisualSFM_windows_64bit\person-hall\1115.JPG
771.555664063
562 374.5
-3.75964002214 -0.266845194396 -2.33277611176
3.13038571323 0.032062946997 -3.13807896098
-0.0835289095393 -1.34362959613 0.0672692185736
0.781362522384 -0.0386738539803 -0.622100002154 0.0311456231242
0.224044808286 -0.000553953779642 -0.974580676451
0.0967901368026 0.995070937988 0.0216852968397
0.969761830982 -0.0991879035458 0.22299381927
0.0654841081432
0 0 0

00000057.jpg
E:\zhaochen\VisualSFM_windows_64bit\person-hall\1171.JPG
766.577697754
562 374.5
4.92382215272 -0.328071098708 -3.08764470462
3.15944786971 0.00646612716754 4.8890574445
-0.0870831317404 -1.57892136299 0.108874306262
0.702045629891 -0.039124484303 -0.709373708173 0.0489147668581
-0.0112038494531 -0.0131730419944 -0.999853049664
0.124188551245 0.992156177085 -0.0144632301378
0.992197797466 -0.124331923044 -0.00948006183367
0.0561473788499
0 0 0

00000058.jpg
E:\zhaochen\VisualSFM_windows_64bit\person-hall\1172.JPG
767.811218262
562 374.5
5.32535915766 -0.478362954622 -2.89745453355
3.13894394608 0.006020609406 5.20868348133
-0.126193471794 -1.60504639758 0.134130978577
0.691099303022 -0.0564551828943 -0.718049726671 0.0600061858963
-0.0383890908093 -0.00186539172164 -0.999263391858
0.164015541278 0.986424211164 -0.00814246263425
0.98571127069 -0.164207012835 -0.0375621338068
0.058351970527
0 0 0

00000059.jpg
E:\zhaochen\VisualSFM_windows_64bit\person-hall\1173.JPG
769.344848633
562 374.5
5.47733070226 -0.382884731011 -3.12323916906
3.0902199335 0.00127824865061 5.50934049727
-0.0874591673708 -1.56003746479 0.0645358437257
0.70957001189 -0.0394079246493 -0.702931901944 0.0290789832921
0.010084774411 0.0141348582364 -0.999849790327
0.0966691563177 0.995203536553 0.0150442071364
0.995267801753 -0.0968065191113 0.0086700961296
0.0573293481079
0 0 0

00000060.jpg
E:\zhaochen\VisualSFM_windows_64bit\person-hall\1112.JPG
767.29296875
562 374.5
-4.70753000659 -0.564435758656 -1.63762718551
3.36003369889 -0.0185539727572 -3.72438286996
-0.408035069103 -1.17478012333 0.230269563634
0.806622879677 -0.190688920644 -0.549015441747 0.107612942787
0.374004422541 0.0357759154767 -0.926737784268
0.382988162682 0.904115746879 0.189465600056
0.844655882168 -0.425790585113 0.324441710654
0.0598497124049
0 0 0

00000061.jpg
E:\zhaochen\VisualSFM_windows_64bit\person-hall\1178.JPG
761.309204102
562 374.5
6.53829802255 -0.950177880248 -2.51505318861
2.89341017202 -0.022447142361 6.45022454806
-0.269534695945 -1.58902170045 0.253267722593
0.685323216043 -0.120310115794 -0.709279316004 0.113049152819
-0.0317157701955 0.0157167472867 -0.999372726695
0.325617583211 0.945492056439 0.00453569443536
0.944969600974 -0.325269567478 -0.0351046444514
0.0632809342846
0 0 0

00000062.jpg
E:\zhaochen\VisualSFM_windows_64bit\person-hall\1180.JPG
755.961730957
562 374.5
6.28717474059 -1.82497464807 -3.42919867301
2.86791184544 -0.051500324787 6.81108489281
-0.385538225474 -1.40350023011 0.264941166548
0.738668686249 -0.175664547122 -0.639483236726 0.120716356928
0.152978276489 0.0463301892192 -0.987143316791
0.403007760343 0.909140286569 0.105123478812
0.902321652612 -0.413908122162 0.120407149122
0.0564035843661
0 0 0

00000063.jpg
E:\zhaochen\VisualSFM_windows_64bit\person-hall\1177.JPG
764.123596191
562 374.5
6.64277064331 -0.174744083443 -2.4172970663
2.89666943323 0.00312129604064 6.45054821745
-0.0625362335278 -1.64158748109 0.0780580392318
0.680526376774 -0.0278614294019 -0.731367578942 0.0347767754247
-0.0722162633658 -0.00657906154309 -0.997366928912
0.0880869903596 0.996030762402 -0.0129483127723
0.993492785437 -0.0887900631827 -0.0713499010972
0.0564518795347
0 0 0

00000064.jpg
E:\zhaochen\VisualSFM_windows_64bit\person-hall\1179.JPG
756.698303223
562 374.5
6.6704857781 -0.13787015803 -3.18759333862
2.87966518936 0.00469856113257 6.81047039402
-0.0355864771954 -1.52432065123 0.0377769954623
0.723041728855 -0.0161180590621 -0.690405238798 0.0171102028646
0.0460970566544 -0.00248669761025 -0.9989351381
0.0469988650309 0.998897325977 -0.000317778004248
0.997832051784 -0.0469338951644 0.0461629840307
0.0512616382873
0 0 0

00000065.jpg
E:\zhaochen\VisualSFM_windows_64bit\person-hall\1175.JPG
763.980529785
562 374.5
6.04191111886 -0.520891917489 -3.13072758602
2.97121066625 0.000436817583148 6.14404269221
-0.128825947605 -1.53424798249 0.120338143796
0.716398097726 -0.0582001079743 -0.69313208946 0.054365545859
0.03322635632 0.00278596288731 -0.999445340428
0.158575457428 0.987315554519 0.00802395957331
0.98678870102 -0.158753826988 0.0323630268607
0.0623228453365
0 0 0

00000066.jpg
E:\zhaochen\VisualSFM_windows_64bit\person-hall\1174.JPG
767.220458984
562 374.5
5.78430458312 -0.554632624759 -3.01958675373
2.98739502714 -0.000519888770022 5.82744478527
-0.138609422746 -1.553148809 0.125933610339
0.709365664508 -0.0624506166715 -0.699772778671 0.0567395164741
0.0141994954827 0.00690411929917 -0.999875710649
0.167900378529 0.98576088562 0.00919105317586
0.985703417935 -0.168010239601 0.0128382028265
0.0621009885357
0 0 0

00000067.jpg
E:\zhaochen\VisualSFM_windows_64bit\person-hall\1176.JPG
758.551086426
562 374.5
4.40398112281 -1.98304674164 -4.86333872389
2.95990647991 -0.0228644643563 6.18206803402
-0.340353086131 -1.13944669992 0.167351485191
0.825078987628 -0.16013325425 -0.536100054734 0.0787374612405
0.412795805808 0.0417654448905 -0.909867560147
0.301623944125 0.936316958177 0.179822747748
0.859432001563 -0.348667585462 0.373908579316
0.0578494027479
0 0 0

00000068.jpg
E:\zhaochen\VisualSFM_windows_64bit\person-hall\1183.JPG
752.260986328
562 374.5
7.36105224806 -0.341983479853 -3.01896942167
2.75927715451 -0.0136716683473 7.47009697805
-0.0865385878852 -1.5320220091 0.0743467576591
0.719210115067 -0.0391380710881 -0.692874563428 0.0336241757294
0.0375896575619 0.00586980513834 -0.999276489089
0.10260119432 0.994675745356 0.00970231383306
0.99401308887 -0.10289167261 0.0367873555386
0.053817927334
0 0 0

00000069.jpg
E:\zhaochen\VisualSFM_windows_64bit\person-hall\1184.JPG
757.263183594
562 374.5
7.30084377138 -1.38671282849 -2.83932972997
2.73915886956 -0.0411215175282 7.46875451583
-0.317576905726 -1.50817962721 0.223578383123
0.71183296793 -0.143220822121 -0.680158796876 0.100829371601
0.0544366665802 0.0512780964779 -0.997200510547
0.338372779843 0.938642531838 0.0667386284603
0.939437309629 -0.341058583058 0.0337454985114
0.0629383667169
0 0 0

00000070.jpg
E:\zhaochen\VisualSFM_windows_64bit\person-hall\1185.JPG
751.60559082
562 374.5
7.62143457327 -0.215530428763 -3.06106951108
2.75389435221 -0.00504045368544 7.74072889171
-0.050972804803 -1.52952091215 0.0409198556614
0.721065010017 -0.0230694495263 -0.69223590145 0.0185196507913
0.0409336846348 0.00523119202066 -0.999148188344
0.0586466807541 0.998249987409 0.00762916509701
0.997440160507 -0.0589091263182 0.0405553226391
0.0516354172506
0 0 0

00000071.jpg
E:\zhaochen\VisualSFM_windows_64bit\person-hall\1186.JPG
763.2578125
562 374.5
7.34886662697 -1.69097582267 -3.22762953001
2.70415616818 -0.0388726533034 7.74395228972
-0.347114396058 -1.44230403529 0.220219237561
0.73177717643 -0.157743062232 -0.655442291595 0.100076681607
0.120761270899 0.0603153954089 -0.990847961871
0.353250721379 0.93020393693 0.0996765181145
0.927702875953 -0.362054572613 0.0910261359471
0.0729348219879
0 0 0

00000072.jpg
E:\zhaochen\VisualSFM_windows_64bit\person-hall\1181.JPG
750.581726074
562 374.5
6.92960285218 -0.396711222103 -3.29819942307
2.84752733013 -0.0109432165649 7.13766243193
-0.0923399181158 -1.50219076378 0.0756470627906
0.729324605027 -0.0419238098849 -0.682018798334 0.0343449847422
0.0673433406002 0.00708831595962 -0.997705811109
0.107282885687 0.994126872462 0.0143042935536
0.991946551754 -0.107999970789 0.0661873049277
0.0525222250994
0 0 0

00000073.jpg
E:\zhaochen\VisualSFM_windows_64bit\person-hall\1182.JPG
754.78692627
562 374.5
6.59882510845 -1.74525289662 -3.51477418714
2.82216468533 -0.046054281866 7.13982464094
-0.353229666264 -1.40434626006 0.224039793302
0.743399545651 -0.16123277598 -0.641018203092 0.102263658051
0.157277774323 0.0546605455005 -0.986042639814
0.358751573227 0.927092288399 0.108615194969
0.920087923916 -0.370826294662 0.126201475173
0.0593895893322
0 0 0

00000074.jpg
E:\zhaochen\VisualSFM_windows_64bit\person-hall\1187.JPG
767.789916992
562 374.5
7.81407343048 -0.349625782154 -3.27211285971
2.59520218506 -0.0077884557531 8.07175868834
-0.0862021083357 -1.48189994327 0.0765989131763
0.736314775089 -0.0392415345585 -0.674600992465 0.0348699000127
0.087398369935 0.00159418652 -0.996174162946
0.104295076861 0.994489042727 0.0107417116946
0.990700549224 -0.104834775076 0.0867503793974
0.0746768044773
0 0 0

00000075.jpg
E:\zhaochen\VisualSFM_windows_64bit\person-hall\1188.JPG
766.170837402
562 374.5
7.83761371739 -1.44859572717 -2.91280785845
2.59736468352 -0.0398424182452 8.07855019054
-0.336528690091 -1.47720182778 0.254163499254
0.719225330881 -0.152199857319 -0.668085408583 0.114949035435
0.0808992796324 0.0380162527891 -0.995998514586
0.368713284971 0.927244804907 0.0653405035964
0.926017281595 -0.372523467365 0.0609962217839
0.0790480349717
0 0 0

00000076.jpg
E:\zhaochen\VisualSFM_windows_64bit\person-hall\1189.JPG
767.173706055
562 374.5
8.25833210704 -0.269710103954 -2.95195418023
2.55300287772 -0.00803263361422 8.39456921039
-0.0650969584582 -1.5209367469 0.0516948076019
0.723731097156 -0.0294919243691 -0.689054489982 0.0234201319414
0.0493125184685 0.00674326984919 -0.998761548359
0.074542780991 0.997164312802 0.0104129256616
0.995999099779 -0.0749639654619 0.0486699726904
0.0718352538127
0 0 0

00000077.jpg
E:\zhaochen\VisualSFM_windows_64bit\person-hall\1190.JPG
765.914978027
562 374.5
8.32678822078 -1.21414916502 -2.4635615593
2.54134292543 -0.0445422926666 8.39156252539
-0.32119301867 -1.53382464546 0.263183964655
0.700627481309 -0.144225461656 -0.688734046919 0.118177627147
0.0233592548834 0.0330688878099 -0.999179724691
0.364262860831 0.930466993189 0.0393106114355
0.931004277646 -0.364882676326 0.00968922218617
0.0810788447801
0 0 0

00000078.jpg
E:\zhaochen\VisualSFM_windows_64bit\person-hall\1113.JPG
771.442626953
562 374.5
-4.31347275051 -0.26183456622 -1.9466410976
3.2714070492 0.0342720741578 -3.4293836133
-0.0973482071653 -1.23471508366 0.0711339192022
0.813708370023 -0.0456122727361 -0.578522838656 0.0333296299738
0.328402835296 -0.00146580232061 -0.944538144892
0.107016593197 0.993618717438 0.0356663643699
0.938457359365 -0.112793988035 0.326463693048
0.0653157578297
0 0 0

00000079.jpg
E:\zhaochen\VisualSFM_windows_64bit\person-hall\1191.JPG
767.789978027
562 374.5
8.94326213344 -0.274248150387 -1.71297738772
2.45015641231 -0.0078125964366 8.7742827931
-0.130264580002 -1.64681733142 0.144400269433
0.675517984118 -0.0579220496569 -0.732256114786 0.0642074735624
-0.0806411902281 -0.00191923195169 -0.996741705791
0.171573980473 0.985045140248 -0.0157778340596
0.98186699228 -0.17228737894 -0.0791057625541
0.0810939352112
0 0 0

00000080.jpg
E:\zhaochen\VisualSFM_windows_64bit\person-hall\1192.JPG
765.641662598
562 374.5
8.92814956373 -0.896957824835 -1.57903377831
2.45384542603 -0.0344416439986 8.77423079109
-0.302639519541 -1.63222929382 0.267453961987
0.666920823342 -0.134113207389 -0.723314344805 0.118520901452
-0.0744605818824 0.0359238175147 -0.99657710611
0.352100046232 0.935933157923 0.00743014573773
0.932996487379 -0.350341417034 -0.0823390376102
0.0832763236187
0 0 0

00000081.jpg
E:\zhaochen\VisualSFM_windows_64bit\person-hall\1193.JPG
764.82409668
562 374.5
9.47763321823 -0.163785904547 -0.901539266875
2.52417175076 -0.00253354298579 9.18114574374
-0.0904959662708 -1.7411127334 0.0962043266075
0.642487302001 -0.0397149097068 -0.764101847253 0.0422200712592
-0.171265961219 0.00644072123464 -0.985205164113
0.114944159929 0.993281268545 -0.0134881178805
0.97849777307 -0.115553418628 -0.170855574394
0.0751895547786
0 0 0

00000082.jpg
E:\zhaochen\VisualSFM_windows_64bit\person-hall\1194.JPG
765.432434082
562 374.5
9.4720375867 -0.633704980308 -0.807420796363
2.52681414043 -0.0319824708234 9.18623265204
-0.272957950813 -1.72659708452 0.253711709103
0.634699403537 -0.119415916051 -0.755366062372 0.110995910048
-0.165794248071 0.0395072439491 -0.985370514755
0.32130339556 0.946841933867 -0.0160987255644
0.932351042206 -0.319271568327 -0.169674354393
0.0835504323025
0 0 0

00000083.jpg
E:\zhaochen\VisualSFM_windows_64bit\person-hall\1195.JPG
770.13659668
562 374.5
9.98950640694 -0.089629390182 -0.634486168719
2.73790896435 -0.00564997711993 9.62830990053
