# Camera parameter file. 

# The format of each camera is as follows:
# Filename (of the undistorted image in visualize folder)
# Original filename
# Focal Length (of the undistorted image)
# 2-vec Principal Point (image center)
# 3-vec Translation T (as in P = K[R T])
# 3-vec Camera Position C (as in P = K[R -RC])
# 3-vec Axis Angle format of R
# 4-vec Quaternion format of R
# 3x3 Matrix format of R
# [Normalized radial distortion] = [radial distortion] * [focal length]^2
# 3-vec Lat/Lng/Alt from EXIF

# The nubmer of cameras in this reconstruction
354

00000000.jpg
E:\zhaochen\VisualSFM_windows_64bit\wide-baseline\library\3900.jpg
1544.8001709
960 540
-1.39070701599 1.11174321175 -5.52128553391
-2.06794452667 1.38861870766 5.23929214478
0.430937218191 0.615117637039 0.168633964277
0.926846185456 0.210188411713 0.300021891097 0.082250740052
0.806443929672 -0.0263454429805 0.590723931789
0.278589695692 0.898112952709 -0.340270280838
-0.521572649479 0.438979029655 0.731618523598
-0.00976667952606
0 0 0

00000001.jpg
E:\zhaochen\VisualSFM_windows_64bit\wide-baseline\library\3940.jpg
1544.35961914
960 540
-2.04205226898 1.26642167568 -5.98269033432
-1.82018435001 1.44658899307 6.01339626312
0.432815427385 0.614321976052 0.162078393239
0.92703236572 0.211118067576 0.299653062825 0.0790583583937
0.80791836977 -0.0200551524758 0.588957250118
0.273103475571 0.898360133171 -0.344046294689
-0.522195100784 0.438806831837 0.731277525425
-0.00935299217987
0 0 0

00000002.jpg
E:\zhaochen\VisualSFM_windows_64bit\wide-baseline\library\3920.jpg
1544.20446777
960 540
-1.69634842873 1.19403123856 -5.73753404617
-1.95562708378 1.41058850288 5.60433769226
0.432604751806 0.61501155442 0.165210714116
0.926826249421 0.211000294723 0.299968085646 0.080580505009
0.807054698467 -0.0227817259729 0.590041518211
0.275954782963 0.89797347784 -0.342777937651
-0.522031664848 0.439464509487 0.730999410152
-0.00990789546925
0 0 0

00000003.jpg
E:\zhaochen\VisualSFM_windows_64bit\wide-baseline\library\3880.jpg
1544.44311523
960 540
-1.03719580173 1.13954246044 -5.29049348831
-2.18127441406 1.27257072926 4.8975892067
0.431543710245 0.603252912415 0.16849601995
0.928551292136 0.210608078223 0.294408036892 0.0822318159374
0.813125252724 -0.0287035237998 0.581383168697
0.276722311974 0.8977663517 -0.342701375484
-0.512108683586 0.439540237188 0.737938404083
-0.0118968911451
0 0 0

00000004.jpg
E:\zhaochen\VisualSFM_windows_64bit\wide-baseline\library\3960.jpg
1544.56445313
960 540
-2.42919969559 1.29536283016 -6.27170133591
-1.66379189491 1.54357898235 6.46239233017
0.433323966201 0.614016342984 0.15961180117
0.927121082173 0.211372593017 0.299513151117 0.0778575913657
0.808462738991 -0.0177490077913 0.588284134865
0.270984649658 0.898522675037 -0.345297545195
-0.522455692291 0.438574403524 0.731228590012
-0.00898768059329
0 0 0

00000005.jpg
E:\zhaochen\VisualSFM_windows_64bit\wide-baseline\library\3980.jpg
1544.21875
960 540
-2.84393119812 1.27516663074 -6.61834955215
-1.50366330147 1.70189630985 6.95409107208
0.432587852596 0.613870954921 0.15842738248
0.927266583209 0.211024116515 0.299457266632 0.077283719871
0.808708250523 -0.0169399920851 0.58797109127
0.269710451365 0.89899379015 -0.345064729452
-0.522735774517 0.437637716532 0.73159122467
-0.00765598514169
0 0 0

00000006.jpg
E:\zhaochen\VisualSFM_windows_64bit\wide-baseline\library\4000.jpg
1544.22814941
960 540
-3.23291754723 1.33897924423 -6.91743707657
-1.35857915878 1.74972403049 7.42890357971
0.43028332537 0.613078189147 0.160380421539
0.927551821767 0.209920585625 0.299099976484 0.0782441475816
0.808835923672 -0.0195764880627 0.587711215019
0.270725518465 0.899625599384 -0.342618942261
-0.522011697292 0.436229944229 0.732948005199
-0.00668608880247
0 0 0

00000007.jpg
E:\zhaochen\VisualSFM_windows_64bit\wide-baseline\library\4020.jpg
1544.9453125
960 540
-3.53126788139 1.41395008564 -7.1507525444
-1.25634741783 1.7572439909 7.80617713928
0.427866554847 0.612422963332 0.162262643371
0.927828332259 0.208761438999 0.298808817032 0.079169971437
0.808891713619 -0.0221529174596 0.587541222572
0.271671652794 0.900303006172 -0.340075850487
-0.521431922913 0.43470326066 0.734266936779
-0.00533941049914
0 0 0

00000008.jpg
E:\zhaochen\VisualSFM_windows_64bit\wide-baseline\library\4040.jpg
1544.68981934
960 540
-3.73787331581 1.44860482216 -7.31005430222
-1.18100690842 1.77103495598 8.06076431274
0.425703608118 0.612081894529 0.164252231488
0.928025089692 0.20772020803 0.298662675247 0.0801461557842
0.808755993843 -0.0246788654476 0.587628781796
0.272831708193 0.900858700275 -0.337665647268
-0.521037042141 0.433412611485 0.735307574272
-0.00561913971414
0 0 0

00000009.jpg
E:\zhaochen\VisualSFM_windows_64bit\wide-baseline\library\4060.jpg
1544.89086914
960 540
-3.865858078 1.46970546246 -7.38130950928
-1.11949276924 1.77884757519 8.19580745697
0.425635990872 0.611962568363 0.164463848376
0.928041274857 0.207688373966 0.298606117614 0.0802498613316
0.808789789677 -0.0249165277928 0.587571322918
0.272984206676 0.90085119009 -0.337560296059
-0.520903885365 0.433413237333 0.735401451588
-0.00541965883569
0 0 0

00000010.jpg
E:\zhaochen\VisualSFM_windows_64bit\wide-baseline\library\4080.jpg
1544.52526855
960 540
-3.94277954102 1.4744771719 -7.40609884262
-1.07087802887 1.77810585499 8.26206207275
0.424933330231 0.611826315736 0.164094070975
0.928149546032 0.20735325534 0.298550782546 0.0800724193135
0.80891340971 -0.0248274933547 0.587406158447
0.272449225187 0.901187181473 -0.337098240852
-0.520992934704 0.432721078396 0.735745728016
-0.00578867349902
0 0 0

00000011.jpg
E:\zhaochen\VisualSFM_windows_64bit\wide-baseline\library\4100.jpg
1545.34143066
960 540
-3.98242521286 1.43656718731 -7.35660934448
-1.00285315514 1.77842974663 8.23860740662
0.423307097905 0.611705717792 0.162891239635
0.92838340142 0.206576369088 0.298516010615 0.0794918890008
0.809138357639 -0.0242651235312 0.587116658688
0.270930677652 0.902015447617 -0.336105048656
-0.521432578564 0.431023240089 0.736429154873
-0.00585867754928
0 0 0

00000012.jpg
E:\zhaochen\VisualSFM_windows_64bit\wide-baseline\library\4120.jpg
1545.90490723
960 540
-4.00444746017 1.34914207458 -7.198741436
-0.878004074097 1.78730583191 8.10631752014
0.42297103938 0.611561530042 0.161973203496
0.928476281911 0.206418982292 0.298455205882 0.0790464138473
0.809352815151 -0.0235716160387 0.586850404739
0.269999265671 0.902288019657 -0.336126953363
-0.521583914757 0.430493563414 0.736631989479
-0.00587007422405
0 0 0

00000013.jpg
E:\zhaochen\VisualSFM_windows_64bit\wide-baseline\library\4140.jpg
1546.06384277
960 540
-4.00613832474 1.21974289417 -6.98411846161
-0.727694272995 1.82975876331 7.90173625946
0.425400640685 0.611553387012 0.162204965656
0.928216812782 0.207586103309 0.298424526044 0.0791524354634
0.809355556965 -0.0230436883867 0.586866736412
0.270838797092 0.901287019253 -0.338127672672
-0.521143913269 0.432611972094 0.735703229904
-0.00639499913679
0 0 0

00000014.jpg
E:\zhaochen\VisualSFM_windows_64bit\wide-baseline\library\4160.jpg
1546.43115234
960 540
-4.04078388214 1.07344985008 -6.7440123558
-0.57390832901 1.87338781357 7.68915987015
0.427248652981 0.616765769305 0.163057305074
0.927210055309 0.208415493799 0.300863540402 0.0795407276711
0.806309521198 -0.0220926888287 0.591081976891
0.272911161184 0.900474250317 -0.338628023863
-0.524772822857 0.434351742268 0.732090175152
-0.00659538632631
0 0 0

00000015.jpg
E:\zhaochen\VisualSFM_windows_64bit\wide-baseline\library\4180.jpg
1546.88671875
960 540
-4.05958223343 0.972876131535 -6.52091884613
-0.414186000824 1.88240885735 7.49894952774
0.429064658732 0.616947540169 0.161524062865
0.927053687697 0.209290063185 0.300935970921 0.0787885476814
0.80646032095 -0.0201166495681 0.590946495533
0.272048205137 0.899981558323 -0.340625554323
-0.52498871088 0.435466945171 0.731272280216
-0.00684638343717
0 0 0

00000016.jpg
E:\zhaochen\VisualSFM_windows_64bit\wide-baseline\library\4200.jpg
1546.27429199
960 540
-4.12908220291 0.901082277298 -6.3224067688
-0.236036777496 1.87991082668 7.36508083344
0.431320545173 0.617390820732 0.159020889164
0.926848130805 0.210375519612 0.301130832205 0.0775620418769
0.806609809399 -0.0170752815902 0.590839385986
0.27047765255 0.899454474449 -0.343259871006
-0.525570809841 0.436684757471 0.730125546455
-0.00773919643195
0 0 0

00000017.jpg
E:\zhaochen\VisualSFM_windows_64bit\wide-baseline\library\4220.jpg
1544.8651123
960 540
-4.31855297089 0.80786716938 -6.11693048477
-0.0311183929443 1.88427710533 7.2916431427
0.432087575673 0.628446100388 0.159675603593
0.925063245132 0.210619795395 0.306334170508 0.0778333950147
0.800204217434 -0.0149614969268 0.599543333054
0.273041754961 0.899165093899 -0.341987431049
-0.533970594406 0.43735909462 0.723598718643
-0.00962151886541
0 0 0

00000018.jpg
E:\zhaochen\VisualSFM_windows_64bit\wide-baseline\library\4240.jpg
1544.50305176
960 540
-4.89318609238 0.588434517384 -5.71186637878
0.241096973419 1.90327548981 7.29619264603
0.428906470439 0.691025134149 0.172615659078
0.914828379019 0.208329501228 0.335646420503 0.0838433006692
0.760624349117 -0.0135543690994 0.649052083492
0.293254554272 0.899138450623 -0.324888110161
-0.579183399677 0.437454849482 0.687881052494
-0.0115870472335
0 0 0

00000019.jpg
E:\zhaochen\VisualSFM_windows_64bit\wide-baseline\library\4260.jpg
1546.62475586
960 540
-5.2649140358 0.495210796595 -5.5147228241
0.573593616486 1.91220402718 7.37504529953
0.429820936012 0.703431845892 0.173613730428
0.912591247373 0.208611513912 0.341407246625 0.0842625849651
0.752682387829 -0.0113515723497 0.658286929131
0.296237617731 0.898763179779 -0.323218435049
-0.587974131107 0.438289731741 0.679845571518
-0.00865998459061
0 0 0

00000020.jpg
E:\zhaochen\VisualSFM_windows_64bit\wide-baseline\library\4280.jpg
1546.70898438
960 540
-5.61529159546 0.449538260698 -5.41389751434
0.910975217819 1.91929900646 7.51867389679
0.431241803606 0.703482857279 0.172115146966
0.912497068427 0.20929427466 0.341420829611 0.0835325205977
0.75290864706 -0.00953149981797 0.658056676388
0.295361220837 0.898437678814 -0.324921250343
-0.588125348091 0.439000397921 0.679257273674
-0.00852100360112
0 0 0

00000021.jpg
E:\zhaochen\VisualSFM_windows_64bit\wide-baseline\library\4300.jpg
1547.17675781
960 540
-6.02343940735 0.411249011755 -5.34607648849
1.26761436462 1.93424093723 7.72550678253
0.43251043881 0.70386926039 0.170641006179
0.912359264704 0.209899927131 0.341592001506 0.0828131105021
0.752914309502 -0.00771030364558 0.658074319363
0.294510930777 0.898168742657 -0.326431661844
-0.58854418993 0.43958491087 0.678514659405
-0.00699635446761
0 0 0

00000022.jpg
E:\zhaochen\VisualSFM_windows_64bit\wide-baseline\library\4320.jpg
1546.63427734
960 540
-6.47924995422 0.392613351345 -5.3214635849
1.62568259239 1.9494689703 8.00059890747
0.433709310448 0.704641329001 0.169722498125
0.9121393693 0.210465659641 0.341940554528 0.0823610576559
0.752586901188 -0.00631585810333 0.658463180065
0.294183194637 0.897843778133 -0.327623099089
-0.589126586914 0.440272957087 0.677562236786
-0.00619056887802
0 0 0

00000023.jpg
E:\zhaochen\VisualSFM_windows_64bit\wide-baseline\library\3860.jpg
1543.46484375
960 540
0.34740459919 1.28169202805 -5.04767847061
-2.34509587288 1.07396006584 4.53758382797
0.441809874716 0.401198053284 0.122493953087
0.953963091045 0.217504490734 0.197511154134 0.0603041860515
0.914707005024 -0.0291367806494 0.403069794178
0.200975090265 0.89811205864 -0.391161173582
-0.350603610277 0.438803851604 0.82736325264
-0.0119151636777
0 0 0

00000024.jpg
E:\zhaochen\VisualSFM_windows_64bit\wide-baseline\library\3840.jpg
1543.08532715
960 540
1.16449999809 1.31797766685 -4.59975910187
-2.44277954102 0.86230802536 4.18810176849
0.446735695911 0.27920631733 0.0915719201539
0.964473298033 0.220716355102 0.137945996361 0.0452424568509
0.957848668098 -0.0263766963035 0.286061912775
0.148163869977 0.89847522974 -0.413267940283
-0.246119007468 0.438232183456 0.864511072636
-0.00838388260408
0 0 0

00000025.jpg
E:\zhaochen\VisualSFM_windows_64bit\wide-baseline\library\3820.jpg
1543.53210449
960 540
1.52932024002 1.311642766 -4.22702741623
-2.62342476845 0.711344122887 3.81295609474
0.447350612915 0.25949960748 0.0857733416456
0.965843948677 0.221122838214 0.128269165314 0.0423972700611
0.96349978447 -0.0251720678061 0.266526013613
0.13862451911 0.898614704609 -0.416263729334
-0.22902597487 0.438016891479 0.869303643703
-0.00693649751435
0 0 0

00000026.jpg
E:\zhaochen\VisualSFM_windows_64bit\wide-baseline\library\3800.jpg
1543.59545898
960 540
1.86219263077 1.230296731 -3.89909482002
-2.85304880142 0.650637745857 3.40897655487
0.447805574845 0.258160305256 0.0854319174841
0.965886490795 0.221350913012 0.1276089948 0.0422291145928
0.963866114616 -0.0250846743584 0.265206724405
0.138069450855 0.898441135883 -0.416822195053
-0.227816492319 0.438377231359 0.869439601898
-0.007911341875
0 0 0

00000027.jpg
E:\zhaochen\VisualSFM_windows_64bit\wide-baseline\library\3780.jpg
1543.33178711
960 540
2.24087500572 1.09721708298 -3.5756881237
-3.12718391418 0.639117598534 2.97038793564
0.448687620877 0.258609857502 0.084847242373
0.965772452099 0.221778342288 0.127826271169 0.0419384887963
0.963803470135 -0.0243077762425 0.265504479408
0.137704372406 0.898112356663 -0.417653441429
-0.228299885988 0.439096212387 0.868949890137
-0.00805176380113
0 0 0

00000028.jpg
E:\zhaochen\VisualSFM_windows_64bit\wide-baseline\library\3760.jpg
1543.9732666
960 540
2.68174242973 0.947092413902 -3.20794200897
-3.43323278427 0.623831272125 2.49065732956
0.449228983402 0.252991196242 0.0834223708118
0.966096844249 0.222070327596 0.125062807397 0.0412387310248
0.965316414833 -0.0241359584033 0.259960800409
0.135226473212 0.897967517376 -0.41876783967
-0.223330333829 0.439397931099 0.870088517666
-0.00783787375519
0 0 0

00000029.jpg
E:\zhaochen\VisualSFM_windows_64bit\wide-baseline\library\3740.jpg
1544.3470459
960 540
3.13852977753 0.788035571575 -2.84715771675
-3.77322554588 0.620168030262 1.98893809319
0.450545282955 0.25357964523 0.0828859628184
0.96592524376 0.222708077894 0.125346413598 0.0409711835014
0.965220332146 -0.0233187396079 0.260399758816
0.134981662035 0.897446274757 -0.41996756196
-0.223901301622 0.440509855747 0.86937969923
-0.00706248603642
0 0 0

00000030.jpg
E:\zhaochen\VisualSFM_windows_64bit\wide-baseline\library\3720.jpg
1543.87268066
960 540
3.73767995834 0.56978738308 -2.33735609055
-4.13923406601 0.606004834175 1.50254881382
0.452707516332 0.205407127325 0.071549624253
0.968633644746 0.223982141212 0.101627489138 0.0353999822511
0.97683763504 -0.0230535957962 0.212737560272
0.114104859531 0.897158682346 -0.426718086004
-0.181021660566 0.441108465195 0.879008233547
-0.00637248247657
0 0 0

00000031.jpg
E:\zhaochen\VisualSFM_windows_64bit\wide-baseline\library\3700.jpg
1544.27307129
960 540
4.21146059036 0.423159241676 -1.98204565048
-4.51957464218 0.592529177666 1.0326461792
0.452988511376 0.204104617023 0.071345960222
0.968671718634 0.22412405333 0.10098435815 0.0352996718285
0.977113068104 -0.0231216941029 0.211464524269
0.113653481007 0.897044479847 -0.427075713873
-0.179818242788 0.441334813833 0.879142045975
-0.0066015559124
0 0 0

00000032.jpg
E:\zhaochen\VisualSFM_windows_64bit\wide-baseline\library\3680.jpg
1545.55627441
960 540
4.71010017395 0.237557336688 -1.53375136852
-4.8899564743 0.574683010578 0.593278408051
0.454162398221 0.176023427516 0.0651704338224
0.969964842319 0.224803140771 0.0871287880941 0.0322583249209
0.982736587524 -0.0234051924199 0.183526962996
0.101752571762 0.896845698357 -0.430480778217
-0.154520481825 0.441723793745 0.883744895458
-0.00529084075965
0 0 0

00000033.jpg
E:\zhaochen\VisualSFM_windows_64bit\wide-baseline\library\3660.jpg
1545.85546875
960 540
5.15555095673 0.117668233812 -1.23832416534
-5.26945734024 0.566413998604 0.197610020638
0.45434913686 0.176060739809 0.0660017724362
0.969928954671 0.224892844823 0.0871461997504 0.0326694278966
0.982677519321 -0.0241770260036 0.183745607734
0.102571070194 0.896712481976 -0.430566042662
-0.154356881976 0.441954284906 0.883658707142
-0.00540765942774
0 0 0

00000034.jpg
E:\zhaochen\VisualSFM_windows_64bit\wide-baseline\library\3640.jpg
1544.58496094
960 540
5.61731672287 0.000813842052594 -0.954254388809
-5.66807794571 0.557970106602 -0.162440061569
0.454566001173 0.171480824351 0.0651432401364
0.970114946142 0.225014335728 0.0848845793171 0.0322465007692
0.983509123325 -0.0243653059006 0.179207161069
0.100765943527 0.896656274796 -0.431104838848
-0.150184035301 0.442054241896 0.884326636791
-0.0075261055722
0 0 0

00000035.jpg
E:\zhaochen\VisualSFM_windows_64bit\wide-baseline\library\3620.jpg
1545.58056641
960 540
6.07529354095 -0.184304028749 -0.525135457516
-6.05474567413 0.54422557354 -0.512643277645
0.45539622495 0.140459272454 0.0577307968936
0.971332215717 0.225518058563 0.0695572354262 0.0285890319714
0.98868906498 -0.0241660904139 0.148020967841
0.086911700666 0.896648705006 -0.434128731489
-0.122231766582 0.442083090544 0.88860732317
-0.00610147863946
0 0 0

00000036.jpg
E:\zhaochen\VisualSFM_windows_64bit\wide-baseline\library\3600.jpg
1545.78173828
960 540
6.53264570236 -0.285443753004 -0.269436568022
-6.46734142303 0.533178687096 -0.847839951515
0.454840485436 0.139942348642 0.0576174962135
0.971414501099 0.225249111062 0.0693031747193 0.0285337172465
0.988766729832 -0.0242150407284 0.147499263287
0.0866572260857 0.896897792816 -0.433665603399
-0.121789172292 0.441575407982 0.888920009136
-0.00563884396504
0 0 0

00000037.jpg
E:\zhaochen\VisualSFM_windows_64bit\wide-baseline\library\3580.jpg
1545.84558105
960 540
6.97791242599 -0.391203582287 0.00734455231577
-6.87392807007 0.517654001713 -1.15134394169
0.454349497549 0.132228255642 0.0559165996627
0.971753563301 0.225031734531 0.0654904514732 0.0276945599786
0.989888906479 -0.0243496391922 0.139745533466
0.083299510181 0.897187948227 -0.433723449707
-0.114816784859 0.440978109837 0.890143096447
-0.00668313554894
0 0 0

00000038.jpg
E:\zhaochen\VisualSFM_windows_64bit\wide-baseline\library\3560.jpg
1546.88220215
960 540
7.45899105072 -0.632508814335 0.611491501331
-7.35743141174 0.48720151186 -1.42875647545
0.454986170037 0.0739564523144 0.0433898492143
0.973324014101 0.225466597073 0.0366488274435 0.0215016681695
0.996388852596 -0.0253297109157 0.0810382962227
0.0583826489747 0.897405982018 -0.437328249216
-0.0616464391351 0.440479964018 0.89564371109
-0.00442798427941
0 0 0

00000039.jpg
E:\zhaochen\VisualSFM_windows_64bit\wide-baseline\library\3540.jpg
1545.52697754
960 540
7.78039979935 -0.880616009235 1.1720007658
-7.72205400467 0.461256980896 -1.68546628952
0.45599195023 0.0256123539441 0.0308959189806
0.973921684181 0.226010590862 0.0126946610469 0.0153134389774
0.999208629131 -0.0240897815675 0.0316491685808
0.0355665795505 0.89736956358 -0.439844578505
-0.0178052540869 0.440621882677 0.897515594959
-0.00554872999439
0 0 0

00000040.jpg
E:\zhaochen\VisualSFM_windows_64bit\wide-baseline\library\3520.jpg
1546.53942871
960 540
8.17492866516 -1.03392970562 1.64663910866
-8.16752052307 0.402380108833 -1.93383932114
0.456715646174 -0.00560724994046 0.0241249522546
0.973963697524 0.22637249711 -0.00277925046268 0.0119576058545
0.9996997118 -0.0245506353676 1.30630688489e-008
0.0220344606787 0.897225677967 -0.44102370739
0.010827569291 0.440890669823 0.897495746613
-0.00381851916863
0 0 0

00000041.jpg
E:\zhaochen\VisualSFM_windows_64bit\wide-baseline\library\3500.jpg
1545.70666504
960 540
8.53444576263 -1.15863549709 2.00629878044
-8.56740760803 0.361852943897 -2.16170454025
0.45678383273 -0.0227560596064 0.0197780231433
0.97391911375 0.226402887889 -0.0112789403711 0.00980288975993
0.999553024769 -0.0242014192045 -0.0175308063626
0.0139874676242 0.89729142189 -0.441217303276
0.0264082960784 0.440775096416 0.89722931385
-0.00412781184311
0 0 0

00000042.jpg
E:\zhaochen\VisualSFM_windows_64bit\wide-baseline\library\3480.jpg
1546.22290039
960 540
8.87450790405 -1.31965756416 2.50268316269
-8.99290466309 0.293920755386 -2.40895366669
0.456866598487 -0.0515651223454 0.0128044637116
0.973672787564 0.22642508785 -0.0255559005533 0.00634594831484
0.998613059521 -0.0239306949079 -0.0468925610185
0.000784813833889 0.897383451462 -0.441252142191
0.0526397787035 0.440603643656 0.896158277988
-0.00396592718553
0 0 0

00000043.jpg
E:\zhaochen\VisualSFM_windows_64bit\wide-baseline\library\3460.jpg
1545.36499023
960 540
9.28920173645 -1.4196369648 2.82155871391
-9.44593048096 0.250674366951 -2.64147472382
0.4572401132 -0.0596474504507 0.0107601066065
0.973524854791 0.22659888985 -0.0295600619112 0.00533248973856
0.998195230961 -0.0237789172679 -0.0551377423108
-0.0030136720743 0.897249042988 -0.441514372826
0.0599720776081 0.440884232521 0.895558297634
-0.00346049362441
0 0 0

00000044.jpg
E:\zhaochen\VisualSFM_windows_64bit\wide-baseline\library\3440.jpg
1546.22900391
960 540
9.61913013458 -1.62891864777 3.33671545982
-9.89234447479 0.207097768784 -2.90057706833
0.457872932839 -0.0869792770469 0.00327544689189
0.972969824253 0.226869994258 -0.0430970836425 0.00162294069874
0.99628007412 -0.0227131396532 -0.0831281468272
-0.0163968503475 0.897054612637 -0.441614866257
0.0846005007625 0.441335767508 0.893346428871
-0.00263378370406
0 0 0

00000045.jpg
E:\zhaochen\VisualSFM_windows_64bit\wide-baseline\library\3420.jpg
1546.51879883
960 540
10.0358409882 -1.77166199684 3.67905092239
-10.3598947525 0.183315038681 -3.16720318794
0.458790884599 -0.0932475132389 0.00110556046908
0.972726735085 0.227306171437 -0.0461991202132 0.000547745663558
0.995730400085 -0.0220680739731 -0.0896296203136
-0.0199368465692 0.896663069725 -0.442264080048
0.0901268571615 0.442163079977 0.892395734787
-0.00207917675837
0 0 0

00000046.jpg
E:\zhaochen\VisualSFM_windows_64bit\wide-baseline\library\3400.jpg
1546.9564209
960 540
10.4470319748 -1.88559365273 3.99940943718
-10.8031921387 0.165945410728 -3.45753693581
0.459528543249 -0.0944237992972 0.00238561270163
0.97261482365 0.227663038941 -0.046780138932 0.00118189793729
0.995619952679 -0.0235994737595 -0.0904603749514
-0.0190013479441 0.896336019039 -0.442967295647
0.0915358513594 0.44274649024 0.891962409019
-0.00329778703399
0 0 0

00000047.jpg
E:\zhaochen\VisualSFM_windows_64bit\wide-baseline\library\3380.jpg
1547.63269043
960 540
10.8208141327 -2.00318074226 4.30463933945
-11.202296257 0.160123825073 -3.75707387924
0.459907260013 -0.0939865716111 0.00406245417033
0.972580504628 0.227848025308 -0.0465629847777 0.00201262785152
0.995655477047 -0.0251335781068 -0.0896549522877
-0.0173038076609 0.896161258221 -0.443388342857
0.0914900526404 0.443013846874 0.891834616661
-0.00291698049219
0 0 0

00000048.jpg
E:\zhaochen\VisualSFM_windows_64bit\wide-baseline\library\3360.jpg
1547.14135742
960 540
11.1358346939 -2.12333083153 4.61440467834
-11.5404062271 0.159893035889 -4.07452917099
0.460970722486 -0.0931496350525 0.00666417055176
0.972475601947 0.228366798343 -0.0461467136331 0.00330145759434
0.995719790459 -0.0274981372058 -0.088245049119
-0.0146557893604 0.895676255226 -0.444466948509
0.0912611633539 0.443857610226 0.891439139843
-0.003618514533
0 0 0

00000049.jpg
E:\zhaochen\VisualSFM_windows_64bit\wide-baseline\library\3340.jpg
1547.19360352
960 540
11.3749752045 -2.25143623352 4.9478802681
-11.8034391403 0.157995223999 -4.42656087875
0.462140510071 -0.0921880308882 0.00963106607869
0.972357868863 0.228937214053 -0.0456685153123 0.00477108019827
0.995783209801 -0.0301885399967 -0.086627587676
-0.0116317505017 0.895130872726 -0.44565346837
0.0909969732165 0.444782137871 0.891005218029
-0.00350359344858
0 0 0

00000050.jpg
E:\zhaochen\VisualSFM_windows_64bit\wide-baseline\library\3320.jpg
1547.58325195
960 540
11.5377750397 -2.38959646225 5.30215215683
-11.9944677353 0.156199455261 -4.80121564865
0.463124688726 -0.0918824895001 0.0125647967806
0.97224399915 0.229415938739 -0.0455154045886 0.00622416536769
0.995779573917 -0.0329863876104 -0.0856483802199
-0.0087807578966 0.89466047287 -0.446663141251
0.0913599357009 0.445529937744 0.890593528748
-0.00328758364899
0 0 0

00000051.jpg
E:\zhaochen\VisualSFM_windows_64bit\wide-baseline\library\3300.jpg
1547.75512695
960 540
11.6365060806 -2.5284974575 5.65208625793
-12.1199941635 0.151943206787 -5.17983293533
0.46441859038 -0.0914130677527 0.0154313290829
0.972096109537 0.23004540281 -0.0452806076863 0.00764376445795
0.995783090591 -0.0356942713261 -0.0845169052482
-0.00597237655893 0.894041895866 -0.447944879532
0.0915515050292 0.44656008482 0.890058398247
-0.00390551546444
0 0 0

00000052.jpg
E:\zhaochen\VisualSFM_windows_64bit\wide-baseline\library\3280.jpg
1548.03479004
960 540
11.6811733246 -2.66624498367 5.98150014877
-12.1912469864 0.142551183701 -5.53985309601
0.465165445378 -0.0910346222118 0.0170457522834
0.972011904258 0.230408797642 -0.0450918658212 0.00844321375878
0.995790481567 -0.0371930487454 -0.0837693363428
-0.00436543161049 0.893681049347 -0.448681652546
0.0915499851108 0.44715872407 0.889757037163
-0.00402325904356
0 0 0

00000053.jpg
E:\zhaochen\VisualSFM_windows_64bit\wide-baseline\library\3260.jpg
1547.96179199
960 540
11.6974544525 -2.79204249382 6.27185440063
-12.2321805954 0.129648208618 -5.85825872421
0.465158526406 -0.0907108500941 0.0174602009234
0.972018358261 0.230405872734 -0.0449315908359 0.00864852002807
0.995813369751 -0.0375178977847 -0.0833634287119
-0.0038918168284 0.893676817417 -0.448694556952
0.0913338959217 0.447140395641 0.88978856802
-0.00432787243291
0 0 0

00000054.jpg
E:\zhaochen\VisualSFM_windows_64bit\wide-baseline\library\3240.jpg
1548.36889648
960 540
11.7095766068 -2.90318155289 6.52058458328
-12.2653036118 0.11736869812 -6.13262748718
0.465280560207 -0.0903748631197 0.0175397980004
0.972011275719 0.230465768149 -0.0447650601198 0.00868792587756
0.995840609074 -0.0375230126083 -0.0830194652081
-0.0037439649459 0.893619596958 -0.448808521032
0.0910291075706 0.447252780199 0.889763474464
-0.00454356025495
0 0 0

00000055.jpg
E:\zhaochen\VisualSFM_windows_64bit\wide-baseline\library\3220.jpg
1549.08349609
960 540
11.7361745834 -2.9953057766 6.72685337067
-12.3114213943 0.108783006668 -6.35430812836
0.465178762108 -0.0904468123675 0.017491870054
0.972021677227 0.230416154324 -0.0448008558735 0.00866421633592
0.995835781097 -0.0374891757965 -0.0831023082137
-0.0038019514177 0.893666088581 -0.448715031147
0.0910873040557 0.447162955999 0.889802694321
-0.00472520289326
0 0 0

00000056.jpg
E:\zhaochen\VisualSFM_windows_64bit\wide-baseline\library\3200.jpg
1549.34362793
960 540
11.7231760025 -3.10098838806 6.97394371033
-12.3717021942 0.0961709022522 -6.52813720703
0.464783929285 -0.0979774060887 0.0157485347538
0.971898775944 0.230211026119 -0.0485289567281 0.00780036941277
0.995168209076 -0.0375061333179 -0.0907392427325
-0.00718145538121 0.893884718418 -0.448240637779
0.0979216918349 0.446726620197 0.889295995235
-0.0046861175694
0 0 0

00000057.jpg
E:\zhaochen\VisualSFM_windows_64bit\wide-baseline\library\3180.jpg
1548.9564209
960 540
11.7810764313 -3.15611028671 7.12729978561
-12.4523477554 0.0822746753693 -6.66976118088
0.464662249093 -0.099141297569 0.015660861895
0.971884685726 0.230149661662 -0.049105207356 0.0077569074602
0.995058059692 -0.0376808308065 -0.0918788313866
-0.00752555252984 0.893941640854 -0.448119580746
0.0990195646882 0.44659614563 0.889239668846
-0.00450109870688
0 0 0

00000058.jpg
E:\zhaochen\VisualSFM_windows_64bit\wide-baseline\library\3160.jpg
1549.12036133
960 540
11.8886890411 -3.22530436516 7.26580858231
-12.5705738068 0.0769078731537 -6.8198390007
0.464864918469 -0.0985370137121 0.0151354933241
0.97187800085 0.230249524983 -0.0488057921755 0.00749667271031
0.995124280453 -0.0370466187596 -0.0914148464799
-0.00790321361274 0.893857121468 -0.448280483484
0.0983182564378 0.446817308664 0.889205992222
-0.00434616640445
0 0 0

00000059.jpg
E:\zhaochen\VisualSFM_windows_64bit\wide-baseline\library\3140.jpg
1548.82519531
960 540
12.0530567169 -3.32925844193 7.41261672974
-12.7492170334 0.0878050327301 -6.98260593414
0.464015876868 -0.0979507910457 0.0128515029189
0.971997899997 0.229838298716 -0.0485173984212 0.00636566056046
0.995210945606 -0.0346773006022 -0.0913913622499
-0.00992766581476 0.894267976284 -0.447422593832
0.0972438752651 0.44618678093 0.889640748501
-0.00472411833052
0 0 0

00000060.jpg
E:\zhaochen\VisualSFM_windows_64bit\wide-baseline\library\3120.jpg
1548.57446289
960 540
12.2889413834 -3.44526314735 7.63742923737
-13.0039691925 0.072998046875 -7.21869039536
0.466089617028 -0.0973155196287 0.0121671199017
0.97177656448 0.230848213626 -0.0481991296173 0.00602621854613
0.995281100273 -0.0339657999575 -0.0908959433436
-0.0105412481353 0.89334577322 -0.449246615171
0.0964591950178 0.448084920645 0.888771891594
-0.00498356123212
0 0 0

00000061.jpg
E:\zhaochen\VisualSFM_windows_64bit\wide-baseline\library\3100.jpg
1549.2467041
960 540
12.5803937912 -3.65554618835 7.93697547913
-13.3283653259 0.0714027881622 -7.54816102982
0.471429498103 -0.097247207779 0.0104549619848
0.971163251113 0.23344461408 -0.0481553169279 0.00517713587201
0.995308876038 -0.0325387977064 -0.0911159962416
-0.0124274212867 0.890953660011 -0.453924328089
0.0959507003427 0.45292699337 0.8863697052
-0.00463411926021
0 0 0

00000062.jpg
E:\zhaochen\VisualSFM_windows_64bit\wide-baseline\library\3080.jpg
1549.30029297
960 540
12.9172210693 -3.79076051712 8.22464084625
-13.6930370331 0.0566711425781 -7.83369779587
0.471992625738 -0.0970551395876 0.00963431526492
0.971104214735 0.233718804013 -0.048059249045 0.00477066911306
0.9953353405 -0.0317302905023 -0.0911113098264
-0.0131990229711 0.890705525875 -0.454388916492
0.0955708473921 0.453472346067 0.886132717133
-0.00478928192427
0 0 0

00000063.jpg
E:\zhaochen\VisualSFM_windows_64bit\wide-baseline\library\3060.jpg
1549.32226563
960 540
13.2839746475 -3.88787889481 8.45949840546
-14.0819358826 0.0468761920929 -8.0523109436
0.471486492408 -0.0969737655329 0.00921031540215
0.971166212427 0.233473070388 -0.048019960594 0.00456081065058
0.995346665382 -0.0312811881304 -0.0911409407854
-0.0135639673099 0.89093953371 -0.453920334578
0.0954005122185 0.453044295311 0.886369049549
-0.00575727250366
0 0 0

00000064.jpg
E:\zhaochen\VisualSFM_windows_64bit\wide-baseline\library\3040.jpg
1549.72875977
960 540
13.6917667389 -3.9648001194 8.63274002075
-14.5068149567 0.0384457111359 -8.20116901398
0.471117934666 -0.09689982529 0.00815895293937
0.971213247016 0.233294273572 -0.0479841090454 0.00404025586597
0.995362460613 -0.0302365645766 -0.0913206487894
-0.0145407645032 0.891115128994 -0.453544646502
0.0950905606151 0.452769309282 0.886543095112
-0.00597224003087
0 0 0

00000065.jpg
E:\zhaochen\VisualSFM_windows_64bit\wide-baseline\library\3020.jpg
1549.72753906
960 540
14.1261863708 -4.0333571434 8.77403640747
-14.9652671814 0.0378687381744 -8.29699897766
0.470950931973 -0.0980681487773 0.00699078216429
0.971206634233 0.233211053955 -0.0485625460809 0.00346177821472
0.995259582996 -0.0293750911951 -0.0927141234279
-0.0159266833216 0.891200900078 -0.453328430653
0.0959429442883 0.452656060457 0.886508822441
-0.00660481005949
0 0 0

00000066.jpg
E:\zhaochen\VisualSFM_windows_64bit\wide-baseline\library\3000.jpg
1550.13867188
960 540
14.3723592758 -4.20247840881 9.15116977692
-15.4403085709 0.0335283279419 -8.34057712555
0.470284811809 -0.120129110997 0.00176311063481
0.970693991175 0.232840858049 -0.059476650274 0.000872926751484
0.992923378944 -0.029391342774 -0.11506036669
-0.0260019637644 0.89156883955 -0.45213830471
0.115874141455 0.451930582523 0.884495079517
-0.00725111636152
0 0 0

00000067.jpg
E:\zhaochen\VisualSFM_windows_64bit\wide-baseline\library\2980.jpg
1549.53442383
960 540
14.5412988663 -4.40294027328 9.56251049042
-15.9015712738 0.0281352996826 -8.33163642883
0.470136006721 -0.147650957535 -0.00522696790072
0.969796207996 0.232696554959 -0.0730807014644 -0.00258711820833
0.98930555582 -0.0289932824671 -0.142950952053
-0.0390291921794 0.891690671444 -0.450958371162
0.140542596579 0.451714575291 0.881022512913
-0.00730677415603
0 0 0

00000068.jpg
E:\zhaochen\VisualSFM_windows_64bit\wide-baseline\library\2960.jpg
1549.61352539
960 540
14.7796525955 -4.5447678566 9.87254142761
-16.3668479919 0.0197124481201 -8.28773498535
0.469723616225 -0.168481169454 -0.0106315711797
0.969019121813 0.232431353031 -0.0833688254623 -0.00526077546196
0.986044406891 -0.0285597797483 -0.164017319679
-0.0489509478211 0.891896307468 -0.449583739042
0.159126624465 0.451337963343 0.878051519394
-0.00703821771965
0 0 0

00000069.jpg
E:\zhaochen\VisualSFM_windows_64bit\wide-baseline\library\2940.jpg
1549.84143066
960 540
15.0823516846 -4.65072345734 10.1074895859
-16.8461875916 0.0143194198608 -8.21425247192
0.469560954244 -0.184670001665 -0.0147800595023
0.968317773748 0.232295744185 -0.0913577994034 -0.00731181945633
0.98320120573 -0.0282840654254 -0.180324062705
-0.0566047243774 0.891970992088 -0.448536276817
0.173529461026 0.451208114624 0.875385046005
-0.00702706843812
0 0 0

00000070.jpg
E:\zhaochen\VisualSFM_windows_64bit\wide-baseline\library\2920.jpg
1549.63439941
960 540
15.3929224014 -4.75736856461 10.3310680389
-17.3316440582 0.0132389068604 -8.11910533905
0.469387593693 -0.200662086158 -0.0189691577979
0.967558412501 0.232150318572 -0.0992437121324 -0.00938179041162
0.98012560606 -0.0279241260141 -0.19640392065
-0.0642338469625 0.892037332058 -0.447375893593
0.187692433596 0.451100081205 0.87251418829
-0.00751012536819
0 0 0

00000071.jpg
E:\zhaochen\VisualSFM_windows_64bit\wide-baseline\library\2900.jpg
1549.83081055
960 540
15.7014703751 -4.8457660675 10.56524086
-17.8172950745 0.0115222930908 -8.01158809662
0.468400822445 -0.21684357613 -0.0224070982046
0.966819986395 0.23160437823 -0.107219968916 -0.0110793615189
0.976762652397 -0.0282417610288 -0.212457761168
-0.0710887536407 0.892473876476 -0.445463567972
0.202191874385 0.450215399265 0.869727015495
-0.00751278127435
0 0 0

00000072.jpg
E:\zhaochen\VisualSFM_windows_64bit\wide-baseline\library\2880.jpg
1550.1574707
960 540
15.9566659927 -4.948138237 10.850271225
-18.2906551361 0.00972604751587 -7.89176082611
0.467456184505 -0.236465866358 -0.0259372297278
0.965808903055 0.23105816378 -0.116882331838 -0.0128204714647
0.972349226475 -0.0292490795255 -0.231696844101
-0.0787775814533 0.892896711826 -0.443319112062
0.219847142696 0.449313014746 0.86590141058
-0.00711253934359
0 0 0

00000073.jpg
E:\zhaochen\VisualSFM_windows_64bit\wide-baseline\library\2860.jpg
1549.89660645
960 540
15.9159088135 -5.20662164688 11.426027298
-18.7281494141 0.00577354431152 -7.7612323761
0.466537636911 -0.2765304385 -0.0344324943511
0.963312865061 0.230409124894 -0.136570195629 -0.0170051894289
0.962119996548 -0.0301715433598 -0.270955562592
-0.0956968143582 0.893245279789 -0.439267337322
0.255283743143 0.448556959629 0.856521427631
-0.00694057484936
0 0 0

00000074.jpg
E:\zhaochen\VisualSFM_windows_64bit\wide-baseline\library\2840.jpg
1549.99865723
960 540
15.8670721054 -5.44881153107 11.9750680923
-19.1463108063 -0.000301837921143 -7.63379192352
0.465479390643 -0.313827971504 -0.0423070896543
0.96064246696 0.229678254415 -0.154849950676 -0.0208752926478
0.951171994209 -0.0310239177197 -0.30710041523
-0.111238688231 0.893624305725 -0.434811919928
0.287921339273 0.447742819786 0.846539497375
-0.00697744628575
0 0 0

00000075.jpg
E:\zhaochen\VisualSFM_windows_64bit\wide-baseline\library\2820.jpg
1549.67858887
960 540
15.7788314819 -5.69680929184 12.5229539871
-19.5438156128 -0.00134086608887 -7.50262355804
0.464459254665 -0.351011756758 -0.0500846109471
0.957622944618 0.228939862412 -0.173019662091 -0.024687556172
0.938909769058 -0.0319395214319 -0.342678904533
-0.126505002379 0.893954992294 -0.429933130741
0.320071488619 0.447019129992 0.835302054882
-0.00664142534001
0 0 0

00000076.jpg
E:\zhaochen\VisualSFM_windows_64bit\wide-baseline\library\2800.jpg
1549.03430176
960 540
15.7426624298 -5.89815187454 12.9792890549
-19.9138717651 -0.0024242401123 -7.38374137878
0.463525917293 -0.380945710731 -0.0561769152264
0.95495119402 0.228272178145 -0.187603980489 -0.0276653932861
0.928079307079 -0.0328113846481 -0.37093603611
-0.138487786055 0.894254028797 -0.425597190857
0.345674544573 0.446357965469 0.825393795967
-0.00642324588486
0 0 0

00000077.jpg
E:\zhaochen\VisualSFM_windows_64bit\wide-baseline\library\2780.jpg
1549.22070313
960 540
15.7956199646 -6.03903579712 13.3314437866
-20.2614822388 -0.00543832778931 -7.29186344147
0.463120117678 -0.401834496122 -0.0597139215625
0.952934316416 0.227915686255 -0.19775514267 -0.0293870615687
0.920058488846 -0.0341350100935 -0.39029070735
-0.146150767803 0.894381999969 -0.422754466534
0.363499939442 0.446000248194 0.817894756794
-0.00661332290283
0 0 0

00000078.jpg
E:\zhaochen\VisualSFM_windows_64bit\wide-baseline\library\2760.jpg
1548.66369629
960 540
16.0604038239 -6.05940294266 13.4594449997
-20.5810623169 -0.00752925872803 -7.22698831558
0.462921834282 -0.405733332999 -0.0591812305792
0.95257751187 0.227790399722 -0.199649597966 -0.0291213660089
0.918584346771 -0.0354756601155 -0.393631011248
-0.146437093616 0.894527673721 -0.422347784042
0.367095857859 0.445604264736 0.81650364399
-0.00740688015776
0 0 0

00000079.jpg
E:\zhaochen\VisualSFM_windows_64bit\wide-baseline\library\2740.jpg
1548.83825684
960 540
16.2869815826 -6.08112621307 13.607049942
-20.873878479 -0.0112061500549 -7.18886375427
0.462663774984 -0.40983374268 -0.0583745389199
0.952207264183 0.227634681829 -0.201641837252 -0.0287207910202
0.917032301426 -0.0371050387621 -0.397085100412
-0.146497622132 0.894715428352 -0.42192786932
0.370934188366 0.445093721151 0.815046966076
-0.00697953274787
0 0 0

00000080.jpg
E:\zhaochen\VisualSFM_windows_64bit\wide-baseline\library\2720.jpg
1548.34155273
960 540
16.535320282 -6.07145643234 13.712141037
-21.1340713501 -0.0109882354736 -7.18703746796
0.462639573462 -0.409685839981 -0.0558355434767
0.952260508666 0.227626906569 -0.201572726954 -0.0274720814371
0.917228043079 -0.0394455529749 -0.396406263113
-0.144087865949 0.89486348629 -0.422444850206
0.371392726898 0.444595605135 0.815108776093
-0.007686416321
0 0 0

00000081.jpg
E:\zhaochen\VisualSFM_windows_64bit\wide-baseline\library\2700.jpg
1548.28186035
960 540
16.7500343323 -6.09365558624 13.8378477097
-21.3773097992 -0.00896883010864 -7.22446870804
0.46254799638 -0.409536139778 -0.0542707371953
0.952307287806 0.227585478622 -0.201502285415 -0.0267025947501
0.917368352413 -0.0408599749207 -0.395939230919
-0.142576277256 0.894984424114 -0.422701448202
0.371629148722 0.444223791361 0.815203905106
-0.00774832507249
0 0 0

00000082.jpg
E:\zhaochen\VisualSFM_windows_64bit\wide-baseline\library\2680.jpg
1548.21972656
960 540
16.9714241028 -6.15514612198 13.991727829
-21.6438293457 -0.00942897796631 -7.29576778412
0.462721831642 -0.409262923065 -0.0538994706464
